  0.1000000E+00  0.0000000E+00
  0.1025000E+00  0.3034429E-03
  0.1050000E+00  0.6147534E-03
  0.1075000E+00  0.9418470E-03
  0.1100000E+00  0.1292885E-02
  0.1125000E+00  0.1676468E-02
  0.1150000E+00  0.2101839E-02
  0.1175000E+00  0.2579084E-02
  0.1200000E+00  0.3119354E-02
  0.1225000E+00  0.3735101E-02
  0.1250000E+00  0.4440330E-02
  0.1275000E+00  0.5250882E-02
  0.1300000E+00  0.6184750E-02
  0.1325000E+00  0.7262422E-02
  0.1350000E+00  0.8507278E-02
  0.1375000E+00  0.9946023E-02
  0.1400000E+00  0.1160919E-01
  0.1425000E+00  0.1353168E-01
  0.1450000E+00  0.1575342E-01
  0.1475000E+00  0.1832005E-01
  0.1500000E+00  0.2128374E-01
  0.1525000E+00  0.2470408E-01
  0.1550000E+00  0.2864912E-01
  0.1575000E+00  0.3319651E-01
  0.1600000E+00  0.3843481E-01
  0.1625000E+00  0.4446495E-01
  0.1650000E+00  0.5140187E-01
  0.1675000E+00  0.5937639E-01
  0.1700000E+00  0.6853732E-01
  0.1725000E+00  0.7905372E-01
  0.1750000E+00  0.9111765E-01
  0.1775000E+00  0.1049470E+00
  0.1800000E+00  0.1207890E+00
  0.1825000E+00  0.1389236E+00
  0.1850000E+00  0.1596679E+00
  0.1875000E+00  0.1833808E+00
  0.1900000E+00  0.2104679E+00
  0.1925000E+00  0.2413878E+00
  0.1950000E+00  0.2766579E+00
  0.1975000E+00  0.3168624E+00
  0.2000000E+00  0.3626594E+00
  0.2025000E+00  0.4147909E+00
  0.2050000E+00  0.4740918E+00
  0.2075000E+00  0.5415016E+00
  0.2100000E+00  0.6180765E+00
  0.2125000E+00  0.7050029E+00
  0.2150000E+00  0.8036128E+00
  0.2175000E+00  0.9154002E+00
  0.2200000E+00  0.1042040E+01
  0.2225000E+00  0.1185409E+01
  0.2250000E+00  0.1347607E+01
  0.2275000E+00  0.1530984E+01
  0.2300000E+00  0.1738167E+01
  0.2325000E+00  0.1972089E+01
  0.2350000E+00  0.2236027E+01
  0.2375000E+00  0.2533633E+01
  0.2400000E+00  0.2868981E+01
  0.2425000E+00  0.3246609E+01
  0.2450000E+00  0.3671567E+01
  0.2475000E+00  0.4149476E+01
  0.2500000E+00  0.4686582E+01
  0.2525000E+00  0.5289826E+01
  0.2550000E+00  0.5966912E+01
  0.2575000E+00  0.6726390E+01
  0.2600000E+00  0.7577737E+01
  0.2625000E+00  0.8531453E+01
  0.2650000E+00  0.9599165E+01
  0.2675000E+00  0.1079374E+02
  0.2700000E+00  0.1212939E+02
  0.2725000E+00  0.1362185E+02
  0.2750000E+00  0.1528847E+02
  0.2775000E+00  0.1714839E+02
  0.2800000E+00  0.1922275E+02
  0.2825000E+00  0.2153482E+02
  0.2850000E+00  0.2411023E+02
  0.2875000E+00  0.2697720E+02
  0.2900000E+00  0.3016676E+02
  0.2925000E+00  0.3371303E+02
  0.2950000E+00  0.3765347E+02
  0.2975000E+00  0.4202922E+02
  0.3000000E+00  0.4688540E+02
  0.3025000E+00  0.5227147E+02
  0.3050000E+00  0.5824165E+02
  0.3075000E+00  0.6485527E+02
  0.3100000E+00  0.7217728E+02
  0.3125000E+00  0.8027867E+02
  0.3150000E+00  0.8923705E+02
  0.3175000E+00  0.9913716E+02
  0.3200000E+00  0.1100715E+03
  0.3225000E+00  0.1221410E+03
  0.3250000E+00  0.1354555E+03
  0.3275000E+00  0.1501349E+03
  0.3300000E+00  0.1663096E+03
  0.3325000E+00  0.1841216E+03
  0.3350000E+00  0.2037250E+03
  0.3375000E+00  0.2252875E+03
  0.3400000E+00  0.2489912E+03
  0.3425000E+00  0.2750337E+03
  0.3450000E+00  0.3036293E+03
  0.3475000E+00  0.3350102E+03
  0.3500000E+00  0.3694281E+03
  0.3525000E+00  0.4071554E+03
  0.3550000E+00  0.4484869E+03
  0.3575000E+00  0.4937410E+03
  0.3600000E+00  0.5432624E+03
  0.3625000E+00  0.5974228E+03
  0.3650000E+00  0.6566235E+03
  0.3675000E+00  0.7212976E+03
  0.3700000E+00  0.7919117E+03
  0.3725000E+00  0.8689686E+03
  0.3750000E+00  0.9530095E+03
  0.3775000E+00  0.1044617E+04
  0.3800000E+00  0.1144417E+04
  0.3825000E+00  0.1253083E+04
  0.3850000E+00  0.1371339E+04
  0.3875000E+00  0.1499959E+04
  0.3900000E+00  0.1639777E+04
  0.3925000E+00  0.1791685E+04
  0.3950000E+00  0.1956640E+04
  0.3975000E+00  0.2135666E+04
  0.4000000E+00  0.2329859E+04
  0.4025000E+00  0.2540391E+04
  0.4050000E+00  0.2768516E+04
  0.4075000E+00  0.3015573E+04
  0.4100000E+00  0.3282991E+04
  0.4125000E+00  0.3572296E+04
  0.4150000E+00  0.3885114E+04
  0.4175000E+00  0.4223179E+04
  0.4200000E+00  0.4588339E+04
  0.4225000E+00  0.4982558E+04
  0.4250000E+00  0.5407928E+04
  0.4275000E+00  0.5866675E+04
  0.4300000E+00  0.6361160E+04
  0.4325000E+00  0.6893895E+04
  0.4350000E+00  0.7467544E+04
  0.4375000E+00  0.8084933E+04
  0.4400000E+00  0.8749059E+04
  0.4425000E+00  0.9463097E+04
  0.4450000E+00  0.1023041E+05
  0.4475000E+00  0.1105455E+05
  0.4500000E+00  0.1193930E+05
  0.4525000E+00  0.1288861E+05
  0.4550000E+00  0.1390671E+05
  0.4575000E+00  0.1499803E+05
  0.4600000E+00  0.1616725E+05
  0.4625000E+00  0.1741931E+05
  0.4650000E+00  0.1875943E+05
  0.4675000E+00  0.2019308E+05
  0.4700000E+00  0.2172605E+05
  0.4725000E+00  0.2336440E+05
  0.4750000E+00  0.2511454E+05
  0.4775000E+00  0.2698317E+05
  0.4800000E+00  0.2897735E+05
  0.4825000E+00  0.3110450E+05
  0.4850000E+00  0.3337238E+05
  0.4875000E+00  0.3578913E+05
  0.4900000E+00  0.3836331E+05
  0.4925000E+00  0.4110385E+05
  0.4950000E+00  0.4402011E+05
  0.4975000E+00  0.4712189E+05
  0.5000000E+00  0.5041943E+05
  0.5025000E+00  0.5392342E+05
  0.5050000E+00  0.5764505E+05
  0.5075000E+00  0.6159597E+05
  0.5100000E+00  0.6578834E+05
  0.5125000E+00  0.7023486E+05
  0.5150000E+00  0.7494872E+05
  0.5175000E+00  0.7994368E+05
  0.5200000E+00  0.8523406E+05
  0.5225000E+00  0.9083476E+05
  0.5250000E+00  0.9676123E+05
  0.5275000E+00  0.1030296E+06
  0.5300000E+00  0.1096564E+06
  0.5325000E+00  0.1166592E+06
  0.5350000E+00  0.1240557E+06
  0.5375000E+00  0.1318647E+06
  0.5400000E+00  0.1401054E+06
  0.5425000E+00  0.1487977E+06
  0.5450000E+00  0.1579622E+06
  0.5475000E+00  0.1676204E+06
  0.5500000E+00  0.1777941E+06
  0.5525000E+00  0.1885063E+06
  0.5550000E+00  0.1997803E+06
  0.5575000E+00  0.2116404E+06
  0.5600000E+00  0.2241114E+06
  0.5625000E+00  0.2372192E+06
  0.5650000E+00  0.2509902E+06
  0.5675000E+00  0.2654515E+06
  0.5700000E+00  0.2806311E+06
  0.5725000E+00  0.2965578E+06
  0.5750000E+00  0.3132611E+06
  0.5775000E+00  0.3307712E+06
  0.5800000E+00  0.3491192E+06
  0.5825000E+00  0.3683368E+06
  0.5850000E+00  0.3884567E+06
  0.5875000E+00  0.4095120E+06
  0.5900000E+00  0.4315370E+06
  0.5925000E+00  0.4545663E+06
  0.5950000E+00  0.4786356E+06
  0.5975000E+00  0.5037811E+06
  0.6000000E+00  0.5300398E+06
  0.6025000E+00  0.5574494E+06
  0.6050000E+00  0.5860483E+06
  0.6075000E+00  0.6158755E+06
  0.6100000E+00  0.6469707E+06
  0.6125000E+00  0.6793742E+06
  0.6150000E+00  0.7131270E+06
  0.6175000E+00  0.7482706E+06
  0.6200000E+00  0.7848472E+06
  0.6225000E+00  0.8228993E+06
  0.6250000E+00  0.8624701E+06
  0.6275000E+00  0.9036032E+06
  0.6300000E+00  0.9463428E+06
  0.6325000E+00  0.9907332E+06
  0.6350000E+00  0.1036819E+07
  0.6375000E+00  0.1084647E+07
  0.6400000E+00  0.1134260E+07
  0.6425000E+00  0.1185706E+07
  0.6450000E+00  0.1239030E+07
  0.6475000E+00  0.1294278E+07
  0.6500000E+00  0.1351498E+07
  0.6525000E+00  0.1410734E+07
  0.6550000E+00  0.1472033E+07
  0.6575000E+00  0.1535442E+07
  0.6600000E+00  0.1601007E+07
  0.6625000E+00  0.1668775E+07
  0.6650000E+00  0.1738790E+07
  0.6675000E+00  0.1811099E+07
  0.6700000E+00  0.1885748E+07
  0.6725000E+00  0.1962780E+07
  0.6750000E+00  0.2042242E+07
  0.6775000E+00  0.2124176E+07
  0.6800000E+00  0.2208627E+07
  0.6825000E+00  0.2295637E+07
  0.6850000E+00  0.2385248E+07
  0.6875000E+00  0.2477503E+07
  0.6900000E+00  0.2572441E+07
  0.6925000E+00  0.2670103E+07
  0.6950000E+00  0.2770527E+07
  0.6975000E+00  0.2873750E+07
  0.7000000E+00  0.2979810E+07
  0.7025000E+00  0.3088742E+07
  0.7050000E+00  0.3200580E+07
  0.7075000E+00  0.3315357E+07
  0.7100000E+00  0.3433104E+07
  0.7125000E+00  0.3553851E+07
  0.7150000E+00  0.3677627E+07
  0.7175000E+00  0.3804459E+07
  0.7200000E+00  0.3934371E+07
  0.7225000E+00  0.4067387E+07
  0.7250000E+00  0.4203529E+07
  0.7275000E+00  0.4342817E+07
  0.7300000E+00  0.4485267E+07
  0.7325000E+00  0.4630896E+07
  0.7350000E+00  0.4779717E+07
  0.7375000E+00  0.4931742E+07
  0.7400000E+00  0.5086980E+07
  0.7425000E+00  0.5245439E+07
  0.7450000E+00  0.5407122E+07
  0.7475000E+00  0.5572032E+07
  0.7500000E+00  0.5740169E+07
  0.7525000E+00  0.5911530E+07
  0.7550000E+00  0.6086110E+07
  0.7575000E+00  0.6263901E+07
  0.7600000E+00  0.6444893E+07
  0.7625000E+00  0.6629073E+07
  0.7650000E+00  0.6816424E+07
  0.7675000E+00  0.7006929E+07
  0.7700000E+00  0.7200567E+07
  0.7725000E+00  0.7397312E+07
  0.7750000E+00  0.7597138E+07
  0.7775000E+00  0.7800016E+07
  0.7800000E+00  0.8005912E+07
  0.7825000E+00  0.8214792E+07
  0.7850000E+00  0.8426615E+07
  0.7875000E+00  0.8641342E+07
  0.7900000E+00  0.8858928E+07
  0.7925000E+00  0.9079325E+07
  0.7950000E+00  0.9302484E+07
  0.7975000E+00  0.9528352E+07
  0.8000000E+00  0.9756871E+07
  0.8025000E+00  0.9987985E+07
  0.8050000E+00  0.1022163E+08
  0.8075000E+00  0.1045774E+08
  0.8100000E+00  0.1069626E+08
  0.8125000E+00  0.1093710E+08
  0.8150000E+00  0.1118020E+08
  0.8175000E+00  0.1142548E+08
  0.8200000E+00  0.1167286E+08
  0.8225000E+00  0.1192227E+08
  0.8250000E+00  0.1217361E+08
  0.8275000E+00  0.1242681E+08
  0.8300000E+00  0.1268177E+08
  0.8325000E+00  0.1293841E+08
  0.8350000E+00  0.1319662E+08
  0.8375000E+00  0.1345632E+08
  0.8400000E+00  0.1371741E+08
  0.8425000E+00  0.1397978E+08
  0.8450000E+00  0.1424334E+08
  0.8475000E+00  0.1450798E+08
  0.8500000E+00  0.1477359E+08
  0.8525000E+00  0.1504007E+08
  0.8550000E+00  0.1530731E+08
  0.8575000E+00  0.1557520E+08
  0.8600000E+00  0.1584363E+08
  0.8625000E+00  0.1611248E+08
  0.8650000E+00  0.1638163E+08
  0.8675000E+00  0.1665097E+08
  0.8700000E+00  0.1692039E+08
  0.8725000E+00  0.1718977E+08
  0.8750000E+00  0.1745898E+08
  0.8775000E+00  0.1772791E+08
  0.8800000E+00  0.1799643E+08
  0.8825000E+00  0.1826443E+08
  0.8850000E+00  0.1853178E+08
  0.8875000E+00  0.1879836E+08
  0.8900000E+00  0.1906405E+08
  0.8925000E+00  0.1932873E+08
  0.8950000E+00  0.1959228E+08
  0.8975000E+00  0.1985457E+08
  0.9000000E+00  0.2011549E+08
  0.9025000E+00  0.2037490E+08
  0.9050000E+00  0.2063270E+08
  0.9075000E+00  0.2088876E+08
  0.9100000E+00  0.2114297E+08
  0.9125000E+00  0.2139520E+08
  0.9150000E+00  0.2164534E+08
  0.9175000E+00  0.2189327E+08
  0.9200000E+00  0.2213888E+08
  0.9225000E+00  0.2238205E+08
  0.9250000E+00  0.2262268E+08
  0.9275000E+00  0.2286065E+08
  0.9300000E+00  0.2309585E+08
  0.9325000E+00  0.2332819E+08
  0.9350000E+00  0.2355755E+08
  0.9375000E+00  0.2378383E+08
  0.9400000E+00  0.2400693E+08
  0.9425000E+00  0.2422675E+08
  0.9450000E+00  0.2444320E+08
  0.9475000E+00  0.2465619E+08
  0.9500000E+00  0.2486562E+08
  0.9525000E+00  0.2507141E+08
  0.9550000E+00  0.2527346E+08
  0.9575000E+00  0.2547171E+08
  0.9600000E+00  0.2566606E+08
  0.9625000E+00  0.2585644E+08
  0.9650000E+00  0.2604278E+08
  0.9675000E+00  0.2622500E+08
  0.9700000E+00  0.2640305E+08
  0.9725000E+00  0.2657685E+08
  0.9750000E+00  0.2674634E+08
  0.9775000E+00  0.2691146E+08
  0.9800000E+00  0.2707217E+08
  0.9825000E+00  0.2722841E+08
  0.9850000E+00  0.2738013E+08
  0.9875000E+00  0.2752729E+08
  0.9900000E+00  0.2766985E+08
  0.9925000E+00  0.2780777E+08
  0.9950000E+00  0.2794102E+08
  0.9975000E+00  0.2806957E+08
  0.1000000E+01  0.2819339E+08
  0.1002500E+01  0.2831246E+08
  0.1005000E+01  0.2842676E+08
  0.1007500E+01  0.2853628E+08
  0.1010000E+01  0.2864100E+08
  0.1012500E+01  0.2874092E+08
  0.1015000E+01  0.2883604E+08
  0.1017500E+01  0.2892635E+08
  0.1020000E+01  0.2901186E+08
  0.1022500E+01  0.2909257E+08
  0.1025000E+01  0.2916850E+08
  0.1027500E+01  0.2923966E+08
  0.1030000E+01  0.2930607E+08
  0.1032500E+01  0.2936774E+08
  0.1035000E+01  0.2942471E+08
  0.1037500E+01  0.2947701E+08
  0.1040000E+01  0.2952466E+08
  0.1042500E+01  0.2956770E+08
  0.1045000E+01  0.2960617E+08
  0.1047500E+01  0.2964011E+08
  0.1050000E+01  0.2966958E+08
  0.1052500E+01  0.2969460E+08
  0.1055000E+01  0.2971525E+08
  0.1057500E+01  0.2973157E+08
  0.1060000E+01  0.2974363E+08
  0.1062500E+01  0.2975148E+08
  0.1065000E+01  0.2975518E+08
  0.1067500E+01  0.2975481E+08
  0.1070000E+01  0.2955928E+08
  0.1072500E+01  0.2935985E+08
  0.1075000E+01  0.2915661E+08
  0.1077500E+01  0.2894966E+08
  0.1080000E+01  0.2873911E+08
  0.1082500E+01  0.2852507E+08
  0.1085000E+01  0.2830764E+08
  0.1087500E+01  0.2808692E+08
  0.1090000E+01  0.2786302E+08
  0.1092500E+01  0.2763606E+08
  0.1095000E+01  0.2740615E+08
  0.1097500E+01  0.2717339E+08
  0.1100000E+01  0.2693790E+08
  0.1102500E+01  0.2669978E+08
  0.1105000E+01  0.2645916E+08
  0.1107500E+01  0.2621614E+08
  0.1110000E+01  0.2597084E+08
  0.1112500E+01  0.2572337E+08
  0.1115000E+01  0.2547384E+08
  0.1117500E+01  0.2522237E+08
  0.1120000E+01  0.2496907E+08
  0.1122500E+01  0.2471405E+08
  0.1125000E+01  0.2445743E+08
  0.1127500E+01  0.2419932E+08
  0.1130000E+01  0.2393983E+08
  0.1132500E+01  0.2367907E+08
  0.1135000E+01  0.2341715E+08
  0.1137500E+01  0.2315419E+08
  0.1140000E+01  0.2289028E+08
  0.1142500E+01  0.2262554E+08
  0.1145000E+01  0.2236008E+08
  0.1147500E+01  0.2209399E+08
  0.1150000E+01  0.2182739E+08
  0.1152500E+01  0.2156038E+08
  0.1155000E+01  0.2129307E+08
  0.1157500E+01  0.2102554E+08
  0.1160000E+01  0.2075791E+08
  0.1162500E+01  0.2049026E+08
  0.1165000E+01  0.2022271E+08
  0.1167500E+01  0.1995533E+08
  0.1170000E+01  0.1968823E+08
  0.1172500E+01  0.1942150E+08
  0.1175000E+01  0.1915522E+08
  0.1177500E+01  0.1888949E+08
  0.1180000E+01  0.1862439E+08
  0.1182500E+01  0.1836001E+08
  0.1185000E+01  0.1809643E+08
  0.1187500E+01  0.1783373E+08
  0.1190000E+01  0.1757200E+08
  0.1192500E+01  0.1731130E+08
  0.1195000E+01  0.1705172E+08
  0.1197500E+01  0.1679332E+08
  0.1200000E+01  0.1653618E+08
  0.1202500E+01  0.1628037E+08
  0.1205000E+01  0.1602596E+08
  0.1207500E+01  0.1577301E+08
  0.1210000E+01  0.1552159E+08
  0.1212500E+01  0.1527175E+08
  0.1215000E+01  0.1502356E+08
  0.1217500E+01  0.1477708E+08
  0.1220000E+01  0.1453235E+08
  0.1222500E+01  0.1428944E+08
  0.1225000E+01  0.1404839E+08
  0.1227500E+01  0.1380925E+08
  0.1230000E+01  0.1357208E+08
  0.1232500E+01  0.1333691E+08
  0.1235000E+01  0.1310379E+08
  0.1237500E+01  0.1287276E+08
  0.1240000E+01  0.1264386E+08
  0.1242500E+01  0.1241713E+08
  0.1245000E+01  0.1219260E+08
  0.1247500E+01  0.1197030E+08
  0.1250000E+01  0.1175028E+08
  0.1252500E+01  0.1153255E+08
  0.1255000E+01  0.1131714E+08
  0.1257500E+01  0.1110409E+08
  0.1260000E+01  0.1089341E+08
  0.1262500E+01  0.1068513E+08
  0.1265000E+01  0.1047927E+08
  0.1267500E+01  0.1027584E+08
  0.1270000E+01  0.1007487E+08
  0.1272500E+01  0.9876364E+07
  0.1275000E+01  0.9680344E+07
  0.1277500E+01  0.9486819E+07
  0.1280000E+01  0.9295801E+07
  0.1282500E+01  0.9107296E+07
  0.1285000E+01  0.8921315E+07
  0.1287500E+01  0.8737861E+07
  0.1290000E+01  0.8556941E+07
  0.1292500E+01  0.8378556E+07
  0.1295000E+01  0.8202710E+07
  0.1297500E+01  0.8029401E+07
  0.1300000E+01  0.7858630E+07
  0.1302500E+01  0.7690393E+07
  0.1305000E+01  0.7524688E+07
  0.1307500E+01  0.7361510E+07
  0.1310000E+01  0.7200853E+07
  0.1312500E+01  0.7042709E+07
  0.1315000E+01  0.6887071E+07
  0.1317500E+01  0.6733930E+07
  0.1320000E+01  0.6583275E+07
  0.1322500E+01  0.6435095E+07
  0.1325000E+01  0.6289378E+07
  0.1327500E+01  0.6146111E+07
  0.1330000E+01  0.6005279E+07
  0.1332500E+01  0.5866869E+07
  0.1335000E+01  0.5730863E+07
  0.1337500E+01  0.5597246E+07
  0.1340000E+01  0.5466000E+07
  0.1342500E+01  0.5337108E+07
  0.1345000E+01  0.5210550E+07
  0.1347500E+01  0.5086307E+07
  0.1350000E+01  0.4964360E+07
  0.1352500E+01  0.4844687E+07
  0.1355000E+01  0.4727268E+07
  0.1357500E+01  0.4612081E+07
  0.1360000E+01  0.4499104E+07
  0.1362500E+01  0.4388313E+07
  0.1365000E+01  0.4279687E+07
  0.1367500E+01  0.4173201E+07
  0.1370000E+01  0.4068832E+07
  0.1372500E+01  0.3966554E+07
  0.1375000E+01  0.3866345E+07
  0.1377500E+01  0.3768178E+07
  0.1380000E+01  0.3672029E+07
  0.1382500E+01  0.3577872E+07
  0.1385000E+01  0.3485681E+07
  0.1387500E+01  0.3395431E+07
  0.1390000E+01  0.3307096E+07
  0.1392500E+01  0.3220649E+07
  0.1395000E+01  0.3136064E+07
  0.1397500E+01  0.3053314E+07
  0.1400000E+01  0.2972374E+07
  0.1402500E+01  0.2893215E+07
  0.1405000E+01  0.2815813E+07
  0.1407500E+01  0.2740139E+07
  0.1410000E+01  0.2666167E+07
  0.1412500E+01  0.2593870E+07
  0.1415000E+01  0.2523223E+07
  0.1417500E+01  0.2454197E+07
  0.1420000E+01  0.2386766E+07
  0.1422500E+01  0.2320904E+07
  0.1425000E+01  0.2256585E+07
  0.1427500E+01  0.2193781E+07
  0.1430000E+01  0.2132467E+07
  0.1432500E+01  0.2072616E+07
  0.1435000E+01  0.2014203E+07
  0.1437500E+01  0.1957201E+07
  0.1440000E+01  0.1901585E+07
  0.1442500E+01  0.1847329E+07
  0.1445000E+01  0.1794408E+07
  0.1447500E+01  0.1742797E+07
  0.1450000E+01  0.1692471E+07
  0.1452500E+01  0.1643404E+07
  0.1455000E+01  0.1595573E+07
  0.1457500E+01  0.1548953E+07
  0.1460000E+01  0.1503521E+07
  0.1462500E+01  0.1459251E+07
  0.1465000E+01  0.1416121E+07
  0.1467500E+01  0.1374108E+07
  0.1470000E+01  0.1333188E+07
  0.1472500E+01  0.1293338E+07
  0.1475000E+01  0.1254536E+07
  0.1477500E+01  0.1216760E+07
  0.1480000E+01  0.1179988E+07
  0.1482500E+01  0.1144197E+07
  0.1485000E+01  0.1109367E+07
  0.1487500E+01  0.1075477E+07
  0.1490000E+01  0.1042506E+07
  0.1492500E+01  0.1010432E+07
  0.1495000E+01  0.9792368E+06
  0.1497500E+01  0.9488994E+06
  0.1500000E+01  0.9194003E+06
  0.1502500E+01  0.8907203E+06
  0.1505000E+01  0.8628403E+06
  0.1507500E+01  0.8357417E+06
  0.1510000E+01  0.8094059E+06
  0.1512500E+01  0.7838150E+06
  0.1515000E+01  0.7589511E+06
  0.1517500E+01  0.7347966E+06
  0.1520000E+01  0.7113345E+06
  0.1522500E+01  0.6885477E+06
  0.1525000E+01  0.6664198E+06
  0.1527500E+01  0.6449343E+06
  0.1530000E+01  0.6240754E+06
  0.1532500E+01  0.6038273E+06
  0.1535000E+01  0.5841747E+06
  0.1537500E+01  0.5651023E+06
  0.1540000E+01  0.5465955E+06
  0.1542500E+01  0.5286396E+06
  0.1545000E+01  0.5112204E+06
  0.1547500E+01  0.4943241E+06
  0.1550000E+01  0.4779368E+06
  0.1552500E+01  0.4620453E+06
  0.1555000E+01  0.4466364E+06
  0.1557500E+01  0.4316972E+06
  0.1560000E+01  0.4172153E+06
  0.1562500E+01  0.4031783E+06
  0.1565000E+01  0.3895741E+06
  0.1567500E+01  0.3763910E+06
  0.1570000E+01  0.3636175E+06
  0.1572500E+01  0.3512423E+06
  0.1575000E+01  0.3392545E+06
  0.1577500E+01  0.3276432E+06
  0.1580000E+01  0.3163980E+06
  0.1582500E+01  0.3055085E+06
  0.1585000E+01  0.2949648E+06
  0.1587500E+01  0.2847570E+06
  0.1590000E+01  0.2748756E+06
  0.1592500E+01  0.2653113E+06
  0.1595000E+01  0.2560549E+06
  0.1597500E+01  0.2470975E+06
  0.1600000E+01  0.2384304E+06
  0.1602500E+01  0.2300453E+06
  0.1605000E+01  0.2219338E+06
  0.1607500E+01  0.2140878E+06
  0.1610000E+01  0.2064996E+06
  0.1612500E+01  0.1991614E+06
  0.1615000E+01  0.1920659E+06
  0.1617500E+01  0.1852057E+06
  0.1620000E+01  0.1785738E+06
  0.1622500E+01  0.1721633E+06
  0.1625000E+01  0.1659674E+06
  0.1627500E+01  0.1599796E+06
  0.1630000E+01  0.1541936E+06
  0.1632500E+01  0.1486031E+06
  0.1635000E+01  0.1432021E+06
  0.1637500E+01  0.1379848E+06
  0.1640000E+01  0.1329455E+06
  0.1642500E+01  0.1280785E+06
  0.1645000E+01  0.1233785E+06
  0.1647500E+01  0.1188402E+06
  0.1650000E+01  0.1144585E+06
  0.1652500E+01  0.1102285E+06
  0.1655000E+01  0.1061453E+06
  0.1657500E+01  0.1022043E+06
  0.1660000E+01  0.9840085E+05
  0.1662500E+01  0.9473053E+05
  0.1665000E+01  0.9118907E+05
  0.1667500E+01  0.8777229E+05
  0.1670000E+01  0.8447612E+05
  0.1672500E+01  0.8129662E+05
  0.1675000E+01  0.7822999E+05
  0.1677500E+01  0.7527250E+05
  0.1680000E+01  0.7242055E+05
  0.1682500E+01  0.6967066E+05
  0.1685000E+01  0.6701942E+05
  0.1687500E+01  0.6446355E+05
  0.1690000E+01  0.6199987E+05
  0.1692500E+01  0.5962527E+05
  0.1695000E+01  0.5733676E+05
  0.1697500E+01  0.5513143E+05
  0.1700000E+01  0.5300647E+05
  0.1702500E+01  0.5095913E+05
  0.1705000E+01  0.4898678E+05
  0.1707500E+01  0.4708684E+05
  0.1710000E+01  0.4525683E+05
  0.1712500E+01  0.4349435E+05
  0.1715000E+01  0.4179706E+05
  0.1717500E+01  0.4016271E+05
  0.1720000E+01  0.3858910E+05
  0.1722500E+01  0.3707412E+05
  0.1725000E+01  0.3561572E+05
  0.1727500E+01  0.3421191E+05
  0.1730000E+01  0.3286079E+05
  0.1732500E+01  0.3156048E+05
  0.1735000E+01  0.3030920E+05
  0.1737500E+01  0.2910520E+05
  0.1740000E+01  0.2794680E+05
  0.1742500E+01  0.2683237E+05
  0.1745000E+01  0.2576035E+05
  0.1747500E+01  0.2472920E+05
  0.1750000E+01  0.2373747E+05
  0.1752500E+01  0.2278372E+05
  0.1755000E+01  0.2186659E+05
  0.1757500E+01  0.2098474E+05
  0.1760000E+01  0.2013689E+05
  0.1762500E+01  0.1932181E+05
  0.1765000E+01  0.1853830E+05
  0.1767500E+01  0.1778519E+05
  0.1770000E+01  0.1706137E+05
  0.1772500E+01  0.1636576E+05
  0.1775000E+01  0.1569732E+05
  0.1777500E+01  0.1505504E+05
  0.1780000E+01  0.1443796E+05
  0.1782500E+01  0.1384512E+05
  0.1785000E+01  0.1327564E+05
  0.1787500E+01  0.1272863E+05
  0.1790000E+01  0.1220325E+05
  0.1792500E+01  0.1169869E+05
  0.1795000E+01  0.1121416E+05
  0.1797500E+01  0.1074891E+05
  0.1800000E+01  0.1030220E+05
  0.1802500E+01  0.9873339E+04
  0.1805000E+01  0.9461640E+04
  0.1807500E+01  0.9066449E+04
  0.1810000E+01  0.8687136E+04
  0.1812500E+01  0.8323091E+04
  0.1815000E+01  0.7973730E+04
  0.1817500E+01  0.7638486E+04
  0.1820000E+01  0.7316814E+04
  0.1822500E+01  0.7008190E+04
  0.1825000E+01  0.6712108E+04
  0.1827500E+01  0.6428081E+04
  0.1830000E+01  0.6155639E+04
  0.1832500E+01  0.5894331E+04
  0.1835000E+01  0.5643721E+04
  0.1837500E+01  0.5403389E+04
  0.1840000E+01  0.5172932E+04
  0.1842500E+01  0.4951962E+04
  0.1845000E+01  0.4740104E+04
  0.1847500E+01  0.4536998E+04
  0.1850000E+01  0.4342298E+04
  0.1852500E+01  0.4155669E+04
  0.1855000E+01  0.3976791E+04
  0.1857500E+01  0.3805355E+04
  0.1860000E+01  0.3641063E+04
  0.1862500E+01  0.3483629E+04
  0.1865000E+01  0.3332780E+04
  0.1867500E+01  0.3188249E+04
  0.1870000E+01  0.3049783E+04
  0.1872500E+01  0.2917137E+04
  0.1875000E+01  0.2790075E+04
  0.1877500E+01  0.2668372E+04
  0.1880000E+01  0.2551810E+04
  0.1882500E+01  0.2440180E+04
  0.1885000E+01  0.2333281E+04
  0.1887500E+01  0.2230920E+04
  0.1890000E+01  0.2132911E+04
  0.1892500E+01  0.2039076E+04
  0.1895000E+01  0.1949244E+04
  0.1897500E+01  0.1863250E+04
  0.1900000E+01  0.1780936E+04
  0.1902500E+01  0.1702150E+04
  0.1905000E+01  0.1626746E+04
  0.1907500E+01  0.1554584E+04
  0.1910000E+01  0.1485529E+04
  0.1912500E+01  0.1419453E+04
  0.1915000E+01  0.1356230E+04
  0.1917500E+01  0.1295743E+04
  0.1920000E+01  0.1237877E+04
  0.1922500E+01  0.1182521E+04
  0.1925000E+01  0.1129572E+04
  0.1927500E+01  0.1078926E+04
  0.1930000E+01  0.1030488E+04
  0.1932500E+01  0.9841651E+03
  0.1935000E+01  0.9398669E+03
  0.1937500E+01  0.8975081E+03
  0.1940000E+01  0.8570065E+03
  0.1942500E+01  0.8182833E+03
  0.1945000E+01  0.7812628E+03
  0.1947500E+01  0.7458726E+03
  0.1950000E+01  0.7120430E+03
  0.1952500E+01  0.6797074E+03
  0.1955000E+01  0.6488017E+03
  0.1957500E+01  0.6192648E+03
  0.1960000E+01  0.5910377E+03
  0.1962500E+01  0.5640642E+03
  0.1965000E+01  0.5382903E+03
  0.1967500E+01  0.5136641E+03
  0.1970000E+01  0.4901361E+03
  0.1972500E+01  0.4676588E+03
  0.1975000E+01  0.4461865E+03
  0.1977500E+01  0.4256757E+03
  0.1980000E+01  0.4060845E+03
  0.1982500E+01  0.3873728E+03
  0.1985000E+01  0.3695024E+03
  0.1987500E+01  0.3524364E+03
  0.1990000E+01  0.3361396E+03
  0.1992500E+01  0.3205784E+03
  0.1995000E+01  0.3057204E+03
  0.1997500E+01  0.2915347E+03
  0.2000000E+01  0.2779919E+03
  0.2002500E+01  0.2650634E+03
  0.2005000E+01  0.2527222E+03
  0.2007500E+01  0.2409423E+03
  0.2010000E+01  0.2296989E+03
  0.2012500E+01  0.2189682E+03
  0.2015000E+01  0.2087274E+03
  0.2017500E+01  0.1989547E+03
  0.2020000E+01  0.1896293E+03
  0.2022500E+01  0.1807313E+03
  0.2025000E+01  0.1722415E+03
  0.2027500E+01  0.1641418E+03
  0.2030000E+01  0.1564145E+03
  0.2032500E+01  0.1490432E+03
  0.2035000E+01  0.1420116E+03
  0.2037500E+01  0.1353047E+03
  0.2040000E+01  0.1289077E+03
  0.2042500E+01  0.1228067E+03
  0.2045000E+01  0.1169883E+03
  0.2047500E+01  0.1114398E+03
  0.2050000E+01  0.1061490E+03
  0.2052500E+01  0.1011041E+03
  0.2055000E+01  0.9629395E+02
  0.2057500E+01  0.9170797E+02
  0.2060000E+01  0.8733593E+02
  0.2062500E+01  0.8316806E+02
  0.2065000E+01  0.7919507E+02
  0.2067500E+01  0.7540805E+02
  0.2070000E+01  0.7179848E+02
  0.2072500E+01  0.6835826E+02
  0.2075000E+01  0.6507961E+02
  0.2077500E+01  0.6195511E+02
  0.2080000E+01  0.5897768E+02
  0.2082500E+01  0.5614055E+02
  0.2085000E+01  0.5343726E+02
  0.2087500E+01  0.5086162E+02
  0.2090000E+01  0.4840775E+02
  0.2092500E+01  0.4607002E+02
  0.2095000E+01  0.4384304E+02
  0.2097500E+01  0.4172168E+02
  0.2100000E+01  0.3970103E+02
  0.2102500E+01  0.3777643E+02
  0.2105000E+01  0.3594339E+02
  0.2107500E+01  0.3419766E+02
  0.2110000E+01  0.3253516E+02
  0.2112500E+01  0.3095201E+02
  0.2115000E+01  0.2944450E+02
  0.2117500E+01  0.2800908E+02
  0.2120000E+01  0.2664238E+02
  0.2122500E+01  0.2534118E+02
  0.2125000E+01  0.2410240E+02
  0.2127500E+01  0.2292311E+02
  0.2130000E+01  0.2180051E+02
  0.2132500E+01  0.2073192E+02
  0.2135000E+01  0.1971480E+02
  0.2137500E+01  0.1874672E+02
  0.2140000E+01  0.1782535E+02
  0.2142500E+01  0.1694850E+02
  0.2145000E+01  0.1611404E+02
  0.2147500E+01  0.1531998E+02
  0.2150000E+01  0.1456438E+02
  0.2152500E+01  0.1384543E+02
  0.2155000E+01  0.1316137E+02
  0.2157500E+01  0.1251056E+02
  0.2160000E+01  0.1189139E+02
  0.2162500E+01  0.1130237E+02
  0.2165000E+01  0.1074204E+02
  0.2167500E+01  0.1020905E+02
  0.2170000E+01  0.9702071E+01
  0.2172500E+01  0.9219867E+01
  0.2175000E+01  0.8761245E+01
  0.2177500E+01  0.8325074E+01
  0.2180000E+01  0.7910274E+01
  0.2182500E+01  0.7515817E+01
  0.2185000E+01  0.7140722E+01
  0.2187500E+01  0.6784056E+01
  0.2190000E+01  0.6444929E+01
  0.2192500E+01  0.6122493E+01
  0.2195000E+01  0.5815942E+01
  0.2197500E+01  0.5524505E+01
  0.2200000E+01  0.5247451E+01
  0.2202500E+01  0.4984082E+01
  0.2205000E+01  0.4733732E+01
  0.2207500E+01  0.4495770E+01
  0.2210000E+01  0.4269592E+01
  0.2212500E+01  0.4054625E+01
  0.2215000E+01  0.3850322E+01
  0.2217500E+01  0.3656163E+01
  0.2220000E+01  0.3471652E+01
  0.2222500E+01  0.3296318E+01
  0.2225000E+01  0.3129711E+01
  0.2227500E+01  0.2971404E+01
  0.2230000E+01  0.2820991E+01
  0.2232500E+01  0.2678083E+01
  0.2235000E+01  0.2542313E+01
  0.2237500E+01  0.2413329E+01
  0.2240000E+01  0.2290798E+01
  0.2242500E+01  0.2174401E+01
  0.2245000E+01  0.2063837E+01
  0.2247500E+01  0.1958818E+01
  0.2250000E+01  0.1859069E+01
  0.2252500E+01  0.1764330E+01
  0.2255000E+01  0.1674354E+01
  0.2257500E+01  0.1588904E+01
  0.2260000E+01  0.1507757E+01
  0.2262500E+01  0.1430699E+01
  0.2265000E+01  0.1357526E+01
  0.2267500E+01  0.1288047E+01
  0.2270000E+01  0.1222076E+01
  0.2272500E+01  0.1159441E+01
  0.2275000E+01  0.1099973E+01
  0.2277500E+01  0.1043517E+01
  0.2280000E+01  0.9899201E+00
  0.2282500E+01  0.9390410E+00
  0.2285000E+01  0.8907435E+00
  0.2287500E+01  0.8448985E+00
  0.2290000E+01  0.8013832E+00
  0.2292500E+01  0.7600809E+00
  0.2295000E+01  0.7208805E+00
  0.2297500E+01  0.6836767E+00
  0.2300000E+01  0.6483691E+00
  0.2302500E+01  0.6148624E+00
  0.2305000E+01  0.5830659E+00
  0.2307500E+01  0.5528936E+00
  0.2310000E+01  0.5242637E+00
  0.2312500E+01  0.4970983E+00
  0.2315000E+01  0.4713236E+00
  0.2317500E+01  0.4468692E+00
  0.2320000E+01  0.4236685E+00
  0.2322500E+01  0.4016580E+00
  0.2325000E+01  0.3807774E+00
  0.2327500E+01  0.3609696E+00
  0.2330000E+01  0.3421801E+00
  0.2332500E+01  0.3243572E+00
  0.2335000E+01  0.3074518E+00
  0.2337500E+01  0.2914174E+00
  0.2340000E+01  0.2762095E+00
  0.2342500E+01  0.2617862E+00
  0.2345000E+01  0.2481075E+00
  0.2347500E+01  0.2351354E+00
  0.2350000E+01  0.2228338E+00
  0.2352500E+01  0.2111686E+00
  0.2355000E+01  0.2001072E+00
  0.2357500E+01  0.1896187E+00
  0.2360000E+01  0.1796738E+00
  0.2362500E+01  0.1702448E+00
  0.2365000E+01  0.1613051E+00
  0.2367500E+01  0.1528296E+00
  0.2370000E+01  0.1447946E+00
  0.2372500E+01  0.1371774E+00
  0.2375000E+01  0.1299566E+00
  0.2377500E+01  0.1231117E+00
  0.2380000E+01  0.1166235E+00
  0.2382500E+01  0.1104734E+00
  0.2385000E+01  0.1046442E+00
  0.2387500E+01  0.9911932E-01
  0.2390000E+01  0.9388296E-01
  0.2392500E+01  0.8892026E-01
  0.2395000E+01  0.8421707E-01
  0.2397500E+01  0.7975998E-01
  0.2400000E+01  0.7553625E-01
  0.2402500E+01  0.7153378E-01
  0.2405000E+01  0.6774112E-01
  0.2407500E+01  0.6414738E-01
  0.2410000E+01  0.6074223E-01
  0.2412500E+01  0.5751587E-01
  0.2415000E+01  0.5445903E-01
  0.2417500E+01  0.5156287E-01
  0.2420000E+01  0.4881903E-01
  0.2422500E+01  0.4621958E-01
  0.2425000E+01  0.4375700E-01
  0.2427500E+01  0.4142413E-01
  0.2430000E+01  0.3921422E-01
  0.2432500E+01  0.3712083E-01
  0.2435000E+01  0.3513788E-01
  0.2437500E+01  0.3325958E-01
  0.2440000E+01  0.3148046E-01
  0.2442500E+01  0.2979531E-01
  0.2445000E+01  0.2819922E-01
  0.2447500E+01  0.2668750E-01
  0.2450000E+01  0.2525572E-01
  0.2452500E+01  0.2389968E-01
  0.2455000E+01  0.2261539E-01
  0.2457500E+01  0.2139908E-01
  0.2460000E+01  0.2024715E-01
  0.2462500E+01  0.1915622E-01
  0.2465000E+01  0.1812305E-01
  0.2467500E+01  0.1714460E-01
  0.2470000E+01  0.1621796E-01
  0.2472500E+01  0.1534039E-01
  0.2475000E+01  0.1450928E-01
  0.2477500E+01  0.1372217E-01
  0.2480000E+01  0.1297671E-01
  0.2482500E+01  0.1227068E-01
  0.2485000E+01  0.1160198E-01
  0.2487500E+01  0.1096861E-01
  0.2490000E+01  0.1036868E-01
  0.2492500E+01  0.9800384E-02
  0.2495000E+01  0.9262030E-02
  0.2497500E+01  0.8752000E-02
  0.2500000E+01  0.8268762E-02
  0.2502500E+01  0.7810863E-02
  0.2505000E+01  0.7376924E-02
  0.2507500E+01  0.6965639E-02
  0.2510000E+01  0.6575766E-02
  0.2512500E+01  0.6206127E-02
  0.2515000E+01  0.5855604E-02
  0.2517500E+01  0.5523136E-02
  0.2520000E+01  0.5207716E-02
  0.2522500E+01  0.4908385E-02
  0.2525000E+01  0.4624234E-02
  0.2527500E+01  0.4354398E-02
  0.2530000E+01  0.4098057E-02
  0.2532500E+01  0.3854427E-02
  0.2535000E+01  0.3622766E-02
  0.2537500E+01  0.3402364E-02
  0.2540000E+01  0.3192547E-02
  0.2542500E+01  0.2992673E-02
  0.2545000E+01  0.2802127E-02
  0.2547500E+01  0.2620324E-02
  0.2550000E+01  0.2446705E-02
  0.2552500E+01  0.2280735E-02
  0.2555000E+01  0.2121902E-02
  0.2557500E+01  0.1969715E-02
  0.2560000E+01  0.1823703E-02
  0.2562500E+01  0.1683415E-02
  0.2565000E+01  0.1548414E-02
  0.2567500E+01  0.1418281E-02
  0.2570000E+01  0.1292612E-02
  0.2572500E+01  0.1171014E-02
  0.2575000E+01  0.1053108E-02
  0.2577500E+01  0.9385259E-03
  0.2580000E+01  0.8269078E-03
  0.2582500E+01  0.7179041E-03
  0.2585000E+01  0.6111720E-03
  0.2587500E+01  0.5063758E-03
  0.2590000E+01  0.4031848E-03
  0.2592500E+01  0.3012731E-03
  0.2595000E+01  0.2003182E-03
  0.2597500E+01  0.1000000E-03
  0.2600000E+01  0.0000000E+00
