  0.1000000E+00  0.0000000E+00
  0.1493750E+00  0.3275515E+53
  0.1987500E+00  0.3396505E+54
  0.2481250E+00  0.2965679E+55
  0.2975000E+00  0.2198862E+56
  0.3468750E+00  0.1385969E+57
  0.3962500E+00  0.7438715E+57
  0.4456250E+00  0.3407304E+58
  0.4950000E+00  0.1335878E+59
  0.5443750E+00  0.4499320E+59
  0.5937500E+00  0.1307482E+60
  0.6431250E+00  0.3294615E+60
  0.6925000E+00  0.7239053E+60
  0.7418750E+00  0.1395423E+61
  0.7912500E+00  0.2375065E+61
  0.8406250E+00  0.3593286E+61
  0.8900000E+00  0.4865225E+61
  0.9393750E+00  0.5935447E+61
  0.9887500E+00  0.6568098E+61
  0.1038125E+01  0.6635520E+61
  0.1087500E+01  0.6158332E+61
  0.1136875E+01  0.5281821E+61
  0.1186250E+01  0.4209879E+61
  0.1235625E+01  0.3134815E+61
  0.1285000E+01  0.2191570E+61
  0.1334375E+01  0.1445108E+61
  0.1383750E+01  0.9026259E+60
  0.1433125E+01  0.5361730E+60
  0.1482500E+01  0.3040133E+60
  0.1531875E+01  0.1651020E+60
  0.1581250E+01  0.8614997E+59
  0.1630625E+01  0.4331796E+59
  0.1680000E+01  0.2104565E+59
  0.1729375E+01  0.9904230E+58
  0.1778750E+01  0.4525259E+58
  0.1828125E+01  0.2011663E+58
  0.1877500E+01  0.8717887E+57
  0.1926875E+01  0.3689793E+57
  0.1976250E+01  0.1527774E+57
  0.2025625E+01  0.6198107E+56
  0.2075000E+01  0.2467339E+56
  0.2124375E+01  0.9650472E+55
  0.2173750E+01  0.3713264E+55
  0.2223125E+01  0.1407177E+55
  0.2272500E+01  0.5257624E+54
  0.2321875E+01  0.1938681E+54
  0.2371250E+01  0.7061495E+53
  0.2420625E+01  0.2542901E+53
  0.2470000E+01  0.9060396E+52
  0.2519375E+01  0.3196450E+52
  0.2568750E+01  0.1117345E+52
  0.2618125E+01  0.3872393E+51
  0.2667500E+01  0.1331374E+51
  0.2716875E+01  0.4543456E+50
  0.2766250E+01  0.1539780E+50
  0.2815625E+01  0.5184690E+49
  0.2865000E+01  0.1735280E+49
  0.2914375E+01  0.5775324E+48
  0.2963750E+01  0.1912093E+48
  0.3013125E+01  0.6299724E+47
  0.3062500E+01  0.2066128E+47
  0.3111875E+01  0.6747604E+46
  0.3161250E+01  0.2194942E+46
  0.3210625E+01  0.7113670E+45
  0.3260000E+01  0.2297573E+45
  0.3309375E+01  0.7396914E+44
  0.3358750E+01  0.2374276E+44
  0.3408125E+01  0.7599738E+43
  0.3457500E+01  0.2426243E+43
  0.3506875E+01  0.7727055E+42
  0.3556250E+01  0.2455324E+42
  0.3605625E+01  0.7785464E+41
  0.3655000E+01  0.2463785E+41
  0.3704375E+01  0.7782531E+40
  0.3753750E+01  0.2454101E+40
  0.3803125E+01  0.7726226E+39
  0.3852500E+01  0.2428803E+39
  0.3901875E+01  0.7624487E+38
  0.3951250E+01  0.2390357E+38
  0.4000625E+01  0.7484912E+37
  0.4050000E+01  0.2341087E+37
  0.4099375E+01  0.7314560E+36
  0.4148750E+01  0.2283124E+36
  0.4198125E+01  0.7119834E+35
  0.4247500E+01  0.2218381E+35
  0.4296875E+01  0.6906427E+34
  0.4346250E+01  0.2148546E+34
  0.4395625E+01  0.6679315E+33
  0.4445000E+01  0.2075082E+33
  0.4494375E+01  0.6442782E+32
  0.4543750E+01  0.1999237E+32
  0.4593125E+01  0.6200468E+31
  0.4642500E+01  0.1922069E+31
  0.4691875E+01  0.5955420E+30
  0.4741250E+01  0.1844455E+30
  0.4790625E+01  0.5710161E+29
  0.4840000E+01  0.1767116E+29
  0.4889375E+01  0.5466749E+28
  0.4938750E+01  0.1690638E+28
  0.4988125E+01  0.5226837E+27
  0.5037500E+01  0.1615486E+27
  0.5086875E+01  0.4991732E+26
  0.5136250E+01  0.1542024E+26
  0.5185625E+01  0.4762446E+25
  0.5235000E+01  0.1470532E+25
  0.5284375E+01  0.4539741E+24
  0.5333750E+01  0.1401217E+24
  0.5383125E+01  0.4324172E+23
  0.5432500E+01  0.1334224E+23
  0.5481875E+01  0.4116118E+22
  0.5531250E+01  0.1269651E+22
  0.5580625E+01  0.3915820E+21
  0.5630000E+01  0.1207554E+21
  0.5679375E+01  0.3723401E+20
  0.5728750E+01  0.1147957E+20
  0.5778125E+01  0.3538889E+19
  0.5827500E+01  0.1090855E+19
  0.5876875E+01  0.3362239E+18
  0.5926250E+01  0.1036225E+18
  0.5975625E+01  0.3193347E+17
  0.6025000E+01  0.9840262E+16
  0.6074375E+01  0.3032061E+16
  0.6123750E+01  0.9342042E+15
  0.6173125E+01  0.2878195E+15
  0.6222500E+01  0.8866960E+14
  0.6271875E+01  0.2731537E+14
  0.6321250E+01  0.8414311E+13
  0.6370625E+01  0.2591855E+13
  0.6420000E+01  0.7983341E+12
  0.6469375E+01  0.2458905E+12
  0.6518750E+01  0.7573265E+11
  0.6568125E+01  0.2332436E+11
  0.6617500E+01  0.7183277E+10
  0.6666875E+01  0.2212191E+10
  0.6716250E+01  0.6812565E+09
  0.6765625E+01  0.2097913E+09
  0.6815000E+01  0.6460319E+08
  0.6864375E+01  0.1989347E+08
  0.6913750E+01  0.6125734E+07
  0.6963125E+01  0.1886241E+07
  0.7012500E+01  0.5808023E+06
  0.7061875E+01  0.1788348E+06
  0.7111250E+01  0.5506414E+05
  0.7160625E+01  0.1695427E+05
  0.7210000E+01  0.5220157E+04
  0.7259375E+01  0.1607246E+04
  0.7308750E+01  0.4948524E+03
  0.7358125E+01  0.1523576E+03
  0.7407500E+01  0.4690814E+02
  0.7456875E+01  0.1444202E+02
  0.7506250E+01  0.4446350E+01
  0.7555625E+01  0.1368912E+01
  0.7605000E+01  0.4214481E+00
  0.7654375E+01  0.1297506E+00
  0.7703750E+01  0.3994581E-01
  0.7753125E+01  0.1229781E-01
  0.7802500E+01  0.3785757E-02
  0.7851875E+01  0.1164588E-02
  0.7901250E+01  0.3556111E-03
  0.7950625E+01  0.1000000E-03
  0.8000000E+01  0.0000000E+00
