  0.1000000E+00  0.0000000E+00
  0.1250000E+00  0.5881620E-03
  0.1500000E+00  0.2568247E-02
  0.1750000E+00  0.1004469E-01
  0.2000000E+00  0.3692876E-01
  0.2250000E+00  0.1281143E+00
  0.2500000E+00  0.4199496E+00
  0.2750000E+00  0.1302148E+01
  0.3000000E+00  0.3823750E+01
  0.3250000E+00  0.1064624E+02
  0.3500000E+00  0.2813845E+02
  0.3750000E+00  0.7068499E+02
  0.4000000E+00  0.1689695E+03
  0.4250000E+00  0.3848381E+03
  0.4500000E+00  0.8361286E+03
  0.4750000E+00  0.1735125E+04
  0.5000000E+00  0.3443401E+04
  0.5250000E+00  0.6543017E+04
  0.5500000E+00  0.1191882E+05
  0.5750000E+00  0.2083916E+05
  0.6000000E+00  0.3501386E+05
  0.6250000E+00  0.5660146E+05
  0.6500000E+00  0.8813544E+05
  0.6750000E+00  0.1323453E+06
  0.7000000E+00  0.1918632E+06
  0.7250000E+00  0.2688326E+06
  0.7500000E+00  0.3644605E+06
  0.7750000E+00  0.4785846E+06
  0.8000000E+00  0.6093366E+06
  0.8250000E+00  0.7529843E+06
  0.8500000E+00  0.9040102E+06
  0.8750000E+00  0.1055448E+07
  0.9000000E+00  0.1199453E+07
  0.9250000E+00  0.1328025E+07
  0.9500000E+00  0.1433806E+07
  0.9750000E+00  0.1510801E+07
  0.1000000E+01  0.1554955E+07
  0.1025000E+01  0.1564488E+07
  0.1050000E+01  0.1539956E+07
  0.1075000E+01  0.1484240E+07
  0.1100000E+01  0.1401622E+07
  0.1125000E+01  0.1297770E+07
  0.1150000E+01  0.1178969E+07
  0.1175000E+01  0.1051559E+07
  0.1200000E+01  0.9214464E+06
  0.1225000E+01  0.7937454E+06
  0.1250000E+01  0.6725539E+06
  0.1275000E+01  0.5608661E+06
  0.1300000E+01  0.4605959E+06
  0.1325000E+01  0.3726869E+06
  0.1350000E+01  0.2972745E+06
  0.1375000E+01  0.2338724E+06
  0.1400000E+01  0.1815594E+06
  0.1425000E+01  0.1391492E+06
  0.1450000E+01  0.1053320E+06
  0.1475000E+01  0.7878578E+05
  0.1500000E+01  0.5825396E+05
  0.1525000E+01  0.4259606E+05
  0.1550000E+01  0.3081412E+05
  0.1575000E+01  0.2206128E+05
  0.1600000E+01  0.1563760E+05
  0.1625000E+01  0.1097793E+05
  0.1650000E+01  0.7635361E+04
  0.1675000E+01  0.5263065E+04
  0.1700000E+01  0.3596542E+04
  0.1725000E+01  0.2437254E+04
  0.1750000E+01  0.1638374E+04
  0.1775000E+01  0.1092810E+04
  0.1800000E+01  0.7234595E+03
  0.1825000E+01  0.4754840E+03
  0.1850000E+01  0.3103273E+03
  0.1875000E+01  0.2011744E+03
  0.1900000E+01  0.1295677E+03
  0.1925000E+01  0.8292602E+02
  0.1950000E+01  0.5275339E+02
  0.1975000E+01  0.3336318E+02
  0.2000000E+01  0.2098122E+02
  0.2025000E+01  0.1312278E+02
  0.2050000E+01  0.8164612E+01
  0.2075000E+01  0.5054047E+01
  0.2100000E+01  0.3113250E+01
  0.2125000E+01  0.1908683E+01
  0.2150000E+01  0.1164851E+01
  0.2175000E+01  0.7077705E+00
  0.2200000E+01  0.4282198E+00
  0.2225000E+01  0.2580224E+00
  0.2250000E+01  0.1548555E+00
  0.2275000E+01  0.9258350E-01
  0.2300000E+01  0.5514880E-01
  0.2325000E+01  0.3273322E-01
  0.2350000E+01  0.1936167E-01
  0.2375000E+01  0.1141414E-01
  0.2400000E+01  0.6706848E-02
  0.2425000E+01  0.3927861E-02
  0.2450000E+01  0.2292043E-02
  0.2475000E+01  0.1331157E-02
  0.2500000E+01  0.7666826E-03
  0.2525000E+01  0.4329986E-03
  0.2550000E+01  0.2310152E-03
  0.2575000E+01  0.1000000E-03
  0.2600000E+01  0.0000000E+00
