  0.1000000E+00 -0.0000000E+00
  0.1493750E+00 -0.5307323E+49
  0.1987500E+00 -0.5415742E+50
  0.2481250E+00 -0.4638531E+51
  0.2975000E+00 -0.3361563E+52
  0.3468750E+00 -0.2062289E+53
  0.3962500E+00 -0.1071918E+54
  0.4456250E+00 -0.4726442E+54
  0.4950000E+00 -0.1771027E+55
  0.5443750E+00 -0.5651616E+55
  0.5937500E+00 -0.1539725E+56
  0.6431250E+00 -0.3590316E+56
  0.6925000E+00 -0.7181141E+56
  0.7418750E+00 -0.1233497E+57
  0.7912500E+00 -0.1817604E+57
  0.8406250E+00 -0.2284215E+57
  0.8900000E+00 -0.2407861E+57
  0.9393750E+00 -0.2034148E+57
  0.9887500E+00 -0.1174399E+57
  0.1038125E+01 -0.1969826E+55
  0.1087500E+01  0.1139872E+57
  0.1136875E+01  0.2037332E+57
  0.1186250E+01  0.2523055E+57
  0.1235625E+01  0.2590363E+57
  0.1285000E+01  0.2338939E+57
  0.1334375E+01  0.1911384E+57
  0.1383750E+01  0.1438063E+57
  0.1433125E+01  0.1007775E+57
  0.1482500E+01  0.6635207E+56
  0.1531875E+01  0.4132411E+56
  0.1581250E+01  0.2448120E+56
  0.1630625E+01  0.1386077E+56
  0.1680000E+01  0.7530631E+55
  0.1729375E+01  0.3940115E+55
  0.1778750E+01  0.1991532E+55
  0.1828125E+01  0.9751860E+54
  0.1877500E+01  0.4637750E+54
  0.1926875E+01  0.2147034E+54
  0.1976250E+01  0.9695772E+53
  0.2025625E+01  0.4279152E+53
  0.2075000E+01  0.1848900E+53
  0.2124375E+01  0.7833122E+52
  0.2173750E+01  0.3258745E+52
  0.2223125E+01  0.1333022E+52
  0.2272500E+01  0.5368179E+51
  0.2321875E+01  0.2130634E+51
  0.2371250E+01  0.8343230E+50
  0.2420625E+01  0.3226413E+50
  0.2470000E+01  0.1233250E+50
  0.2519375E+01  0.4663202E+49
  0.2568750E+01  0.1745616E+49
  0.2618125E+01  0.6473663E+48
  0.2667500E+01  0.2379969E+48
  0.2716875E+01  0.8679105E+47
  0.2766250E+01  0.3141262E+47
  0.2815625E+01  0.1128977E+47
  0.2865000E+01  0.4031138E+46
  0.2914375E+01  0.1430627E+46
  0.2963750E+01  0.5048507E+45
  0.3013125E+01  0.1772169E+45
  0.3062500E+01  0.6190271E+44
  0.3111875E+01  0.2152396E+44
  0.3161250E+01  0.7452089E+43
  0.3210625E+01  0.2569824E+43
  0.3260000E+01  0.8829077E+42
  0.3309375E+01  0.3022896E+42
  0.3358750E+01  0.1031641E+42
  0.3408125E+01  0.3510156E+41
  0.3457500E+01  0.1190981E+41
  0.3506875E+01  0.4030377E+40
  0.3556250E+01  0.1360586E+40
  0.3605625E+01  0.4582650E+39
  0.3655000E+01  0.1540226E+39
  0.3704375E+01  0.5166442E+38
  0.3753750E+01  0.1729798E+38
  0.3803125E+01  0.5781623E+37
  0.3852500E+01  0.1929324E+37
  0.3901875E+01  0.6428479E+36
  0.3951250E+01  0.2138960E+36
  0.4000625E+01  0.7107705E+35
  0.4050000E+01  0.2358990E+35
  0.4099375E+01  0.7820389E+34
  0.4148750E+01  0.2589818E+34
  0.4198125E+01  0.8567998E+33
  0.4247500E+01  0.2831964E+33
  0.4296875E+01  0.9352356E+32
  0.4346250E+01  0.3086060E+32
  0.4395625E+01  0.1017562E+32
  0.4445000E+01  0.3352839E+31
  0.4494375E+01  0.1104027E+31
  0.4543750E+01  0.3633135E+30
  0.4593125E+01  0.1194910E+30
  0.4642500E+01  0.3927875E+29
  0.4691875E+01  0.1290518E+29
  0.4741250E+01  0.4238077E+28
  0.4790625E+01  0.1391187E+28
  0.4840000E+01  0.4564852E+27
  0.4889375E+01  0.1497283E+27
  0.4938750E+01  0.4909395E+26
  0.4988125E+01  0.1609197E+26
  0.5037500E+01  0.5272994E+25
  0.5086875E+01  0.1727352E+25
  0.5136250E+01  0.5657027E+24
  0.5185625E+01  0.1852197E+24
  0.5235000E+01  0.6062962E+23
  0.5284375E+01  0.1984212E+23
  0.5333750E+01  0.6492367E+22
  0.5383125E+01  0.2123908E+22
  0.5432500E+01  0.6946907E+21
  0.5481875E+01  0.2271828E+21
  0.5531250E+01  0.7428353E+20
  0.5580625E+01  0.2428550E+20
  0.5630000E+01  0.7938586E+19
  0.5679375E+01  0.2594686E+19
  0.5728750E+01  0.8479604E+18
  0.5778125E+01  0.2770887E+18
  0.5827500E+01  0.9053528E+17
  0.5876875E+01  0.2957845E+17
  0.5926250E+01  0.9662608E+16
  0.5975625E+01  0.3156292E+16
  0.6025000E+01  0.1030923E+16
  0.6074375E+01  0.3367008E+15
  0.6123750E+01  0.1099595E+15
  0.6173125E+01  0.3590820E+14
  0.6222500E+01  0.1172544E+14
  0.6271875E+01  0.3828607E+13
  0.6321250E+01  0.1250058E+13
  0.6370625E+01  0.4081300E+12
  0.6420000E+01  0.1332440E+12
  0.6469375E+01  0.4349893E+11
  0.6518750E+01  0.1420014E+11
  0.6568125E+01  0.4635439E+10
  0.6617500E+01  0.1513123E+10
  0.6666875E+01  0.4939057E+09
  0.6716250E+01  0.1612133E+09
  0.6765625E+01  0.5261938E+08
  0.6815000E+01  0.1717431E+08
  0.6864375E+01  0.5605348E+07
  0.6913750E+01  0.1829431E+07
  0.6963125E+01  0.5970632E+06
  0.7012500E+01  0.1948570E+06
  0.7061875E+01  0.6359222E+05
  0.7111250E+01  0.2075317E+05
  0.7160625E+01  0.6772639E+04
  0.7210000E+01  0.2210166E+04
  0.7259375E+01  0.7212502E+03
  0.7308750E+01  0.2353647E+03
  0.7358125E+01  0.7680535E+02
  0.7407500E+01  0.2506321E+02
  0.7456875E+01  0.8178569E+01
  0.7506250E+01  0.2668785E+01
  0.7555625E+01  0.8708553E+00
  0.7605000E+01  0.2841677E+00
  0.7654375E+01  0.9272561E-01
  0.7703750E+01  0.3025666E-01
  0.7753125E+01  0.9872670E-02
  0.7802500E+01  0.3221074E-02
  0.7851875E+01  0.1049894E-02
  0.7901250E+01  0.3391016E-03
  0.7950625E+01  0.1000000E-03
  0.8000000E+01  0.0000000E+00
