  0.1000000E+00  0.0000000E+00
  0.1493750E+00  0.1468209E+17
  0.1987500E+00  0.1344705E+18
  0.2481250E+00  0.1009639E+19
  0.2975000E+00  0.6244765E+19
  0.3468750E+00  0.3163446E+20
  0.3962500E+00  0.1302658E+21
  0.4456250E+00  0.4316246E+21
  0.4950000E+00  0.1133699E+22
  0.5443750E+00  0.2303496E+22
  0.5937500E+00  0.3455558E+22
  0.6431250E+00  0.3409853E+22
  0.6925000E+00  0.1262082E+22
  0.7418750E+00 -0.1930454E+22
  0.7912500E+00 -0.3212325E+22
  0.8406250E+00 -0.9281693E+21
  0.8900000E+00  0.2465715E+22
  0.9393750E+00  0.2772473E+22
  0.9887500E+00 -0.4814021E+21
  0.1038125E+01 -0.3111084E+22
  0.1087500E+01 -0.1719272E+22
  0.1136875E+01  0.1865318E+22
  0.1186250E+01  0.3122812E+22
  0.1235625E+01  0.5976410E+21
  0.1285000E+01 -0.2625879E+22
  0.1334375E+01 -0.2906397E+22
  0.1383750E+01 -0.7879257E+20
  0.1433125E+01  0.2828829E+22
  0.1482500E+01  0.3020511E+22
  0.1531875E+01  0.4821518E+21
  0.1581250E+01 -0.2464780E+22
  0.1630625E+01 -0.3461356E+22
  0.1680000E+01 -0.1910594E+22
  0.1729375E+01  0.9425564E+21
  0.1778750E+01  0.3203082E+22
  0.1828125E+01  0.3614266E+22
  0.1877500E+01  0.2118270E+22
  0.1926875E+01 -0.3940780E+21
  0.1976250E+01 -0.2735475E+22
  0.2025625E+01 -0.4010802E+22
  0.2075000E+01 -0.3892070E+22
  0.2124375E+01 -0.2577035E+22
  0.2173750E+01 -0.5685701E+21
  0.2223125E+01  0.1572191E+22
  0.2272500E+01  0.3401457E+22
  0.2321875E+01  0.4668221E+22
  0.2371250E+01  0.5307775E+22
  0.2420625E+01  0.5389875E+22
  0.2470000E+01  0.5055267E+22
  0.2519375E+01  0.4462060E+22
  0.2568750E+01  0.3750684E+22
  0.2618125E+01  0.3027184E+22
  0.2667500E+01  0.2360182E+22
  0.2716875E+01  0.1785865E+22
  0.2766250E+01  0.1316295E+22
  0.2815625E+01  0.9479126E+21
  0.2865000E+01  0.6686283E+21
  0.2914375E+01  0.4629410E+21
  0.2963750E+01  0.3151976E+21
  0.3013125E+01  0.2113701E+21
  0.3062500E+01  0.1398005E+21
  0.3111875E+01  0.9130802E+20
  0.3161250E+01  0.5895419E+20
  0.3210625E+01  0.3766572E+20
  0.3260000E+01  0.2383310E+20
  0.3309375E+01  0.1494711E+20
  0.3358750E+01  0.9297853E+19
  0.3408125E+01  0.5740311E+19
  0.3457500E+01  0.3519398E+19
  0.3506875E+01  0.2143937E+19
  0.3556250E+01  0.1298306E+19
  0.3605625E+01  0.7819089E+18
  0.3655000E+01  0.4685177E+18
  0.3704375E+01  0.2794144E+18
  0.3753750E+01  0.1659105E+18
  0.3803125E+01  0.9811566E+17
  0.3852500E+01  0.5780548E+17
  0.3901875E+01  0.3393772E+17
  0.3951250E+01  0.1986036E+17
  0.4000625E+01  0.1158729E+17
  0.4050000E+01  0.6741549E+16
  0.4099375E+01  0.3912060E+16
  0.4148750E+01  0.2264636E+16
  0.4198125E+01  0.1308012E+16
  0.4247500E+01  0.7538997E+15
  0.4296875E+01  0.4336774E+15
  0.4346250E+01  0.2490176E+15
  0.4395625E+01  0.1427439E+15
  0.4445000E+01  0.8169585E+14
  0.4494375E+01  0.4668788E+14
  0.4543750E+01  0.2664487E+14
  0.4593125E+01  0.1518689E+14
  0.4642500E+01  0.8645852E+13
  0.4691875E+01  0.4916606E+13
  0.4741250E+01  0.2793022E+13
  0.4790625E+01  0.1585131E+13
  0.4840000E+01  0.8988058E+12
  0.4889375E+01  0.5092172E+12
  0.4938750E+01  0.2882711E+12
  0.4988125E+01  0.1630734E+12
  0.5037500E+01  0.9218708E+11
  0.5086875E+01  0.5208133E+11
  0.5136250E+01  0.2940610E+11
  0.5185625E+01  0.1659409E+11
  0.5235000E+01  0.9359364E+10
  0.5284375E+01  0.5276317E+10
  0.5333750E+01  0.2973179E+10
  0.5383125E+01  0.1674673E+10
  0.5432500E+01  0.9429091E+09
  0.5481875E+01  0.5307033E+09
  0.5531250E+01  0.2985977E+09
  0.5580625E+01  0.1679514E+09
  0.5630000E+01  0.9443929E+08
  0.5679375E+01  0.5308869E+08
  0.5728750E+01  0.2983594E+08
  0.5778125E+01  0.1676382E+08
  0.5827500E+01  0.9416928E+07
  0.5876875E+01  0.5288769E+07
  0.5926250E+01  0.2969718E+07
  0.5975625E+01  0.1667235E+07
  0.6025000E+01  0.9358464E+06
  0.6074375E+01  0.5252227E+06
  0.6123750E+01  0.2947257E+06
  0.6173125E+01  0.1653608E+06
  0.6222500E+01  0.9276650E+05
  0.6271875E+01  0.5203523E+05
  0.6321250E+01  0.2918468E+05
  0.6370625E+01  0.1636692E+05
  0.6420000E+01  0.9177751E+04
  0.6469375E+01  0.5145955E+04
  0.6518750E+01  0.2885085E+04
  0.6568125E+01  0.1617397E+04
  0.6617500E+01  0.9066559E+03
  0.6666875E+01  0.5082041E+03
  0.6716250E+01  0.2848431E+03
  0.6765625E+01  0.1596419E+03
  0.6815000E+01  0.8946718E+02
  0.6864375E+01  0.5013692E+02
  0.6913750E+01  0.2809507E+02
  0.6963125E+01  0.1574283E+02
  0.7012500E+01  0.8820978E+01
  0.7061875E+01  0.4942348E+01
  0.7111250E+01  0.2769069E+01
  0.7160625E+01  0.1551383E+01
  0.7210000E+01  0.8691406E+00
  0.7259375E+01  0.4869091E+00
  0.7308750E+01  0.2727680E+00
  0.7358125E+01  0.1528015E+00
  0.7407500E+01  0.8559543E-01
  0.7456875E+01  0.4794718E-01
  0.7506250E+01  0.2685742E-01
  0.7555625E+01  0.1504356E-01
  0.7605000E+01  0.8425775E-02
  0.7654375E+01  0.4718459E-02
  0.7703750E+01  0.2641122E-02
  0.7753125E+01  0.1476206E-02
  0.7802500E+01  0.8213003E-03
  0.7851875E+01  0.4501581E-03
  0.7901250E+01  0.2345552E-03
  0.7950625E+01  0.1000000E-03
  0.8000000E+01  0.0000000E+00
