  0.1000000E+00 -0.0000000E+00
  0.1493750E+00 -0.5967784E+13
  0.1987500E+00 -0.5422814E+14
  0.2481250E+00 -0.4032072E+15
  0.2975000E+00 -0.2464337E+16
  0.3468750E+00 -0.1230151E+17
  0.3962500E+00 -0.4973401E+17
  0.4456250E+00 -0.1609845E+18
  0.4950000E+00 -0.4101000E+18
  0.5443750E+00 -0.7988790E+18
  0.5937500E+00 -0.1123986E+19
  0.6431250E+00 -0.9785653E+18
  0.6925000E+00 -0.1594283E+18
  0.7418750E+00  0.8031644E+18
  0.7912500E+00  0.9129959E+18
  0.8406250E+00 -0.5643507E+17
  0.8900000E+00 -0.9543282E+18
  0.9393750E+00 -0.5886682E+18
  0.9887500E+00  0.5753930E+18
  0.1038125E+01  0.9519603E+18
  0.1087500E+01  0.2944693E+17
  0.1136875E+01 -0.9327437E+18
  0.1186250E+01 -0.6641200E+18
  0.1235625E+01  0.4567715E+18
  0.1285000E+01  0.1011032E+19
  0.1334375E+01  0.3593627E+18
  0.1383750E+01 -0.7024873E+18
  0.1433125E+01 -0.1000352E+19
  0.1482500E+01 -0.2657569E+18
  0.1531875E+01  0.7281736E+18
  0.1581250E+01  0.1052623E+19
  0.1630625E+01  0.4683502E+18
  0.1680000E+01 -0.4943212E+18
  0.1729375E+01 -0.1084438E+19
  0.1778750E+01 -0.9146395E+18
  0.1828125E+01 -0.1509053E+18
  0.1877500E+01  0.7033245E+18
  0.1926875E+01  0.1169455E+19
  0.1976250E+01  0.1044070E+19
  0.2025625E+01  0.4366135E+18
  0.2075000E+01 -0.3540372E+18
  0.2124375E+01 -0.1010376E+19
  0.2173750E+01 -0.1322092E+19
  0.2223125E+01 -0.1230988E+19
  0.2272500E+01 -0.8073564E+18
  0.2321875E+01 -0.1920795E+18
  0.2371250E+01  0.4628350E+18
  0.2420625E+01  0.1035814E+19
  0.2470000E+01  0.1454130E+19
  0.2519375E+01  0.1693358E+19
  0.2568750E+01  0.1765814E+19
  0.2618125E+01  0.1705418E+19
  0.2667500E+01  0.1554055E+19
  0.2716875E+01  0.1351824E+19
  0.2766250E+01  0.1131546E+19
  0.2815625E+01  0.9167792E+18
  0.2865000E+01  0.7221728E+18
  0.2914375E+01  0.5550583E+18
  0.2963750E+01  0.4174517E+18
  0.3013125E+01  0.3079499E+18
  0.3062500E+01  0.2232721E+18
  0.3111875E+01  0.1593738E+18
  0.3161250E+01  0.1121694E+18
  0.3210625E+01  0.7794207E+17
  0.3260000E+01  0.5353109E+17
  0.3309375E+01  0.3637622E+17
  0.3358750E+01  0.2447929E+17
  0.3408125E+01  0.1632680E+17
  0.3457500E+01  0.1080043E+17
  0.3506875E+01  0.7090932E+16
  0.3556250E+01  0.4623244E+16
  0.3605625E+01  0.2995064E+16
  0.3655000E+01  0.1928834E+16
  0.3704375E+01  0.1235402E+16
  0.3753750E+01  0.7872722E+15
  0.3803125E+01  0.4993532E+15
  0.3852500E+01  0.3153604E+15
  0.3901875E+01  0.1983630E+15
  0.3951250E+01  0.1243069E+15
  0.4000625E+01  0.7762961E+14
  0.4050000E+01  0.4832425E+14
  0.4099375E+01  0.2999216E+14
  0.4148750E+01  0.1856296E+14
  0.4198125E+01  0.1145957E+14
  0.4247500E+01  0.7057483E+13
  0.4296875E+01  0.4336750E+13
  0.4346250E+01  0.2659374E+13
  0.4395625E+01  0.1627637E+13
  0.4445000E+01  0.9943901E+12
  0.4494375E+01  0.6065000E+12
  0.4543750E+01  0.3693428E+12
  0.4593125E+01  0.2245948E+12
  0.4642500E+01  0.1363904E+12
  0.4691875E+01  0.8272230E+11
  0.4741250E+01  0.5011329E+11
  0.4790625E+01  0.3032560E+11
  0.4840000E+01  0.1833261E+11
  0.4889375E+01  0.1107205E+11
  0.4938750E+01  0.6681095E+10
  0.4988125E+01  0.4028189E+10
  0.5037500E+01  0.2426825E+10
  0.5086875E+01  0.1461020E+10
  0.5136250E+01  0.8789901E+09
  0.5185625E+01  0.5284956E+09
  0.5235000E+01  0.3175751E+09
  0.5284375E+01  0.1907288E+09
  0.5333750E+01  0.1144898E+09
  0.5383125E+01  0.6869300E+08
  0.5432500E+01  0.4119716E+08
  0.5481875E+01  0.2469698E+08
  0.5531250E+01  0.1479975E+08
  0.5580625E+01  0.8865629E+07
  0.5630000E+01  0.5309091E+07
  0.5679375E+01  0.3178307E+07
  0.5728750E+01  0.1902153E+07
  0.5778125E+01  0.1138092E+07
  0.5827500E+01  0.6807691E+06
  0.5876875E+01  0.4071175E+06
  0.5926250E+01  0.2434132E+06
  0.5975625E+01  0.1455055E+06
  0.6025000E+01  0.8696240E+05
  0.6074375E+01  0.5196440E+05
  0.6123750E+01  0.3104615E+05
  0.6173125E+01  0.1854565E+05
  0.6222500E+01  0.1107677E+05
  0.6271875E+01  0.6614931E+04
  0.6321250E+01  0.3949867E+04
  0.6370625E+01  0.2358242E+04
  0.6420000E+01  0.1407817E+04
  0.6469375E+01  0.8403485E+03
  0.6518750E+01  0.5015692E+03
  0.6568125E+01  0.2993390E+03
  0.6617500E+01  0.1786320E+03
  0.6666875E+01  0.1065912E+03
  0.6716250E+01  0.6359923E+02
  0.6765625E+01  0.3794484E+02
  0.6815000E+01  0.2263737E+02
  0.6864375E+01  0.1350434E+02
  0.6913750E+01  0.8055578E+01
  0.6963125E+01  0.4805047E+01
  0.7012500E+01  0.2866009E+01
  0.7061875E+01  0.1709377E+01
  0.7111250E+01  0.1019483E+01
  0.7160625E+01  0.6080020E+00
  0.7210000E+01  0.3625885E+00
  0.7259375E+01  0.2162262E+00
  0.7308750E+01  0.1289402E+00
  0.7358125E+01  0.7688744E-01
  0.7407500E+01  0.4584686E-01
  0.7456875E+01  0.2733697E-01
  0.7506250E+01  0.1629952E-01
  0.7555625E+01  0.9717916E-02
  0.7605000E+01  0.5793169E-02
  0.7654375E+01  0.3452402E-02
  0.7703750E+01  0.2055673E-02
  0.7753125E+01  0.1221098E-02
  0.7802500E+01  0.7204731E-03
  0.7851875E+01  0.4168992E-03
  0.7901250E+01  0.2273549E-03
  0.7950625E+01  0.1000000E-03
  0.8000000E+01  0.0000000E+00
