  0.1000000E+00  0.0000000E+00
  0.1493750E+00  0.2849091E+10
  0.1987500E+00  0.2570768E+11
  0.2481250E+00  0.1894890E+12
  0.2975000E+00  0.1145833E+13
  0.3468750E+00  0.5644787E+13
  0.3962500E+00  0.2244683E+14
  0.4456250E+00  0.7113589E+14
  0.4950000E+00  0.1762135E+15
  0.5443750E+00  0.3300780E+15
  0.5937500E+00  0.4366091E+15
  0.6431250E+00  0.3325541E+15
  0.6925000E+00 -0.2190481E+14
  0.7418750E+00 -0.3552582E+15
  0.7912500E+00 -0.2887863E+15
  0.8406250E+00  0.1374582E+15
  0.8900000E+00  0.3807031E+15
  0.9393750E+00  0.9563797E+14
  0.9887500E+00 -0.3252314E+15
  0.1038125E+01 -0.2802662E+15
  0.1087500E+01  0.1650132E+15
  0.1136875E+01  0.3774404E+15
  0.1186250E+01  0.6776889E+14
  0.1235625E+01 -0.3331875E+15
  0.1285000E+01 -0.2995972E+15
  0.1334375E+01  0.1104278E+15
  0.1383750E+01  0.3873753E+15
  0.1433125E+01  0.2183603E+15
  0.1482500E+01 -0.1899328E+15
  0.1531875E+01 -0.4007840E+15
  0.1581250E+01 -0.2176261E+15
  0.1630625E+01  0.1672693E+15
  0.1680000E+01  0.4063664E+15
  0.1729375E+01  0.3133126E+15
  0.1778750E+01 -0.1925095E+14
  0.1828125E+01 -0.3380873E+15
  0.1877500E+01 -0.4326425E+15
  0.1926875E+01 -0.2609044E+15
  0.1976250E+01  0.5941959E+14
  0.2025625E+01  0.3485233E+15
  0.2075000E+01  0.4691934E+15
  0.2124375E+01  0.3819779E+15
  0.2173750E+01  0.1401445E+15
  0.2223125E+01 -0.1533156E+15
  0.2272500E+01 -0.3955946E+15
  0.2321875E+01 -0.5187709E+15
  0.2371250E+01 -0.5018486E+15
  0.2420625E+01 -0.3641177E+15
  0.2470000E+01 -0.1488244E+15
  0.2519375E+01  0.9427749E+14
  0.2568750E+01  0.3220891E+15
  0.2618125E+01  0.5051516E+15
  0.2667500E+01  0.6290923E+15
  0.2716875E+01  0.6923691E+15
  0.2766250E+01  0.7023001E+15
  0.2815625E+01  0.6709164E+15
  0.2865000E+01  0.6115502E+15
  0.2914375E+01  0.5365102E+15
  0.2963750E+01  0.4558173E+15
  0.3013125E+01  0.3767775E+15
  0.3062500E+01  0.3041098E+15
  0.3111875E+01  0.2403738E+15
  0.3161250E+01  0.1865048E+15
  0.3210625E+01  0.1423328E+15
  0.3260000E+01  0.1070205E+15
  0.3309375E+01  0.7939777E+14
  0.3358750E+01  0.5819396E+14
  0.3408125E+01  0.4218488E+14
  0.3457500E+01  0.3027397E+14
  0.3506875E+01  0.2152746E+14
  0.3556250E+01  0.1517971E+14
  0.3605625E+01  0.1062144E+14
  0.3655000E+01  0.7379446E+13
  0.3704375E+01  0.5093670E+13
  0.3753750E+01  0.3494838E+13
  0.3803125E+01  0.2384595E+13
  0.3852500E+01  0.1618744E+13
  0.3901875E+01  0.1093670E+13
  0.3951250E+01  0.7356857E+12
  0.4000625E+01  0.4928765E+12
  0.4050000E+01  0.3289675E+12
  0.4099375E+01  0.2188045E+12
  0.4148750E+01  0.1450632E+12
  0.4198125E+01  0.9588648E+11
  0.4247500E+01  0.6320474E+11
  0.4296875E+01  0.4155469E+11
  0.4346250E+01  0.2725513E+11
  0.4395625E+01  0.1783642E+11
  0.4445000E+01  0.1164840E+11
  0.4494375E+01  0.7592545E+10
  0.4543750E+01  0.4940024E+10
  0.4593125E+01  0.3208821E+10
  0.4642500E+01  0.2081072E+10
  0.4691875E+01  0.1347722E+10
  0.4741250E+01  0.8716226E+09
  0.4790625E+01  0.5630044E+09
  0.4840000E+01  0.3632348E+09
  0.4889375E+01  0.2340940E+09
  0.4938750E+01  0.1507137E+09
  0.4988125E+01  0.9694031E+08
  0.5037500E+01  0.6229792E+08
  0.5086875E+01  0.4000240E+08
  0.5136250E+01  0.2566646E+08
  0.5185625E+01  0.1645645E+08
  0.5235000E+01  0.1054428E+08
  0.5284375E+01  0.6751940E+07
  0.5333750E+01  0.4321045E+07
  0.5383125E+01  0.2763851E+07
  0.5432500E+01  0.1766940E+07
  0.5481875E+01  0.1129081E+07
  0.5531250E+01  0.7211714E+06
  0.5580625E+01  0.4604413E+06
  0.5630000E+01  0.2938627E+06
  0.5679375E+01  0.1874823E+06
  0.5728750E+01  0.1195727E+06
  0.5778125E+01  0.7623765E+05
  0.5827500E+01  0.4859387E+05
  0.5876875E+01  0.3096538E+05
  0.5926250E+01  0.1972705E+05
  0.5975625E+01  0.1256452E+05
  0.6025000E+01  0.8000824E+04
  0.6074375E+01  0.5093716E+04
  0.6123750E+01  0.3242291E+04
  0.6173125E+01  0.2063440E+04
  0.6222500E+01  0.1312985E+04
  0.6271875E+01  0.8353340E+03
  0.6321250E+01  0.5313710E+03
  0.6370625E+01  0.3379690E+03
  0.6420000E+01  0.2149320E+03
  0.6469375E+01  0.1366704E+03
  0.6518750E+01  0.8689603E+02
  0.6568125E+01  0.5524347E+02
  0.6617500E+01  0.3511725E+02
  0.6666875E+01  0.2232139E+02
  0.6716250E+01  0.1418684E+02
  0.6765625E+01  0.9016055E+01
  0.6815000E+01  0.5729487E+01
  0.6864375E+01  0.3640706E+01
  0.6913750E+01  0.2313278E+01
  0.6963125E+01  0.1469754E+01
  0.7012500E+01  0.9337644E+00
  0.7061875E+01  0.5932090E+00
  0.7111250E+01  0.3768402E+00
  0.7160625E+01  0.2393797E+00
  0.7210000E+01  0.1520544E+00
  0.7259375E+01  0.9658143E-01
  0.7308750E+01  0.6134398E-01
  0.7358125E+01  0.3896138E-01
  0.7407500E+01  0.2474457E-01
  0.7456875E+01  0.1571469E-01
  0.7506250E+01  0.9979340E-02
  0.7555625E+01  0.6336408E-02
  0.7605000E+01  0.4022220E-02
  0.7654375E+01  0.2551586E-02
  0.7703750E+01  0.1616137E-02
  0.7753125E+01  0.1019698E-02
  0.7802500E+01  0.6371784E-03
  0.7851875E+01  0.3883408E-03
  0.7901250E+01  0.2209851E-03
  0.7950625E+01  0.1000000E-03
  0.8000000E+01  0.0000000E+00
