  0.1000000E+00 -0.0000000E+00
  0.1493750E+00 -0.1646666E+07
  0.1987500E+00 -0.1476674E+08
  0.2481250E+00 -0.1080153E+09
  0.2975000E+00 -0.6470621E+09
  0.3468750E+00 -0.3150769E+10
  0.3962500E+00 -0.1234700E+11
  0.4456250E+00 -0.3839815E+11
  0.4950000E+00 -0.9275769E+11
  0.5443750E+00 -0.1676544E+12
  0.5937500E+00 -0.2092120E+12
  0.6431250E+00 -0.1382602E+12
  0.6925000E+00  0.4435500E+11
  0.7418750E+00  0.1817739E+12
  0.7912500E+00  0.1045350E+12
  0.8406250E+00 -0.1087316E+12
  0.8900000E+00 -0.1712129E+12
  0.9393750E+00  0.1339631E+11
  0.9887500E+00  0.1782401E+12
  0.1038125E+01  0.7790315E+11
  0.1087500E+01 -0.1380258E+12
  0.1136875E+01 -0.1515306E+12
  0.1186250E+01  0.5297424E+11
  0.1235625E+01  0.1831850E+12
  0.1285000E+01  0.6432535E+11
  0.1334375E+01 -0.1389243E+12
  0.1383750E+01 -0.1670510E+12
  0.1433125E+01  0.6402278E+10
  0.1482500E+01  0.1724849E+12
  0.1531875E+01  0.1496981E+12
  0.1581250E+01 -0.2855783E+11
  0.1630625E+01 -0.1787572E+12
  0.1680000E+01 -0.1632320E+12
  0.1729375E+01 -0.5234084E+10
  0.1778750E+01  0.1570553E+12
  0.1828125E+01  0.1986445E+12
  0.1877500E+01  0.9744059E+11
  0.1926875E+01 -0.6914205E+11
  0.1976250E+01 -0.1925138E+12
  0.2025625E+01 -0.2040588E+12
  0.2075000E+01 -0.1056705E+12
  0.2124375E+01  0.4539716E+11
  0.2173750E+01  0.1755714E+12
  0.2223125E+01  0.2313319E+12
  0.2272500E+01  0.1970387E+12
  0.2321875E+01  0.9249565E+11
  0.2371250E+01 -0.4215603E+11
  0.2420625E+01 -0.1643218E+12
  0.2470000E+01 -0.2423722E+12
  0.2519375E+01 -0.2616930E+12
  0.2568750E+01 -0.2240591E+12
  0.2618125E+01 -0.1428705E+12
  0.2667500E+01 -0.3703775E+11
  0.2716875E+01  0.7442056E+11
  0.2766250E+01  0.1760179E+12
  0.2815625E+01  0.2574993E+12
  0.2865000E+01  0.3139613E+12
  0.2914375E+01  0.3449658E+12
  0.2963750E+01  0.3532053E+12
  0.3013125E+01  0.3431386E+12
  0.3062500E+01  0.3198463E+12
  0.3111875E+01  0.2882107E+12
  0.3161250E+01  0.2524229E+12
  0.3210625E+01  0.2157611E+12
  0.3260000E+01  0.1805646E+12
  0.3309375E+01  0.1483285E+12
  0.3358750E+01  0.1198586E+12
  0.3408125E+01  0.9544106E+11
  0.3457500E+01  0.7500276E+11
  0.3506875E+01  0.5824482E+11
  0.3556250E+01  0.4474698E+11
  0.3605625E+01  0.3404274E+11
  0.3655000E+01  0.2566946E+11
  0.3704375E+01  0.1919887E+11
  0.3753750E+01  0.1425281E+11
  0.3803125E+01  0.1050893E+11
  0.3852500E+01  0.7700022E+10
  0.3901875E+01  0.5609423E+10
  0.3951250E+01  0.4064760E+10
  0.4000625E+01  0.2931039E+10
  0.4050000E+01  0.2103981E+10
  0.4099375E+01  0.1503988E+10
  0.4148750E+01  0.1070943E+10
  0.4198125E+01  0.7598580E+09
  0.4247500E+01  0.5373502E+09
  0.4296875E+01  0.3788322E+09
  0.4346250E+01  0.2663163E+09
  0.4395625E+01  0.1867237E+09
  0.4445000E+01  0.1305974E+09
  0.4494375E+01  0.9113365E+08
  0.4543750E+01  0.6346040E+08
  0.4593125E+01  0.4410334E+08
  0.4642500E+01  0.3059461E+08
  0.4691875E+01  0.2118746E+08
  0.4741250E+01  0.1464958E+08
  0.4790625E+01  0.1011419E+08
  0.4840000E+01  0.6973351E+07
  0.4889375E+01  0.4801726E+07
  0.4938750E+01  0.3302455E+07
  0.4988125E+01  0.2268797E+07
  0.5037500E+01  0.1557064E+07
  0.5086875E+01  0.1067579E+07
  0.5136250E+01  0.7313158E+06
  0.5185625E+01  0.5005502E+06
  0.5235000E+01  0.3423362E+06
  0.5284375E+01  0.2339609E+06
  0.5333750E+01  0.1597866E+06
  0.5383125E+01  0.1090597E+06
  0.5432500E+01  0.7439315E+05
  0.5481875E+01  0.5071822E+05
  0.5531250E+01  0.3455997E+05
  0.5580625E+01  0.2353835E+05
  0.5630000E+01  0.1602455E+05
  0.5679375E+01  0.1090476E+05
  0.5728750E+01  0.7417853E+04
  0.5778125E+01  0.5044103E+04
  0.5827500E+01  0.3428813E+04
  0.5876875E+01  0.2330062E+04
  0.5926250E+01  0.1582938E+04
  0.5975625E+01  0.1075083E+04
  0.6025000E+01  0.7299774E+03
  0.6074375E+01  0.4955342E+03
  0.6123750E+01  0.3363114E+03
  0.6173125E+01  0.2282021E+03
  0.6222500E+01  0.1548153E+03
  0.6271875E+01  0.1050098E+03
  0.6321250E+01  0.7121519E+02
  0.6370625E+01  0.4828891E+02
  0.6420000E+01  0.3273848E+02
  0.6469375E+01  0.2219271E+02
  0.6518750E+01  0.1504204E+02
  0.6568125E+01  0.1019416E+02
  0.6617500E+01  0.6907927E+01
  0.6666875E+01  0.4680574E+01
  0.6716250E+01  0.3171089E+01
  0.6765625E+01  0.2148219E+01
  0.6815000E+01  0.1455164E+01
  0.6864375E+01  0.9856238E+00
  0.6913750E+01  0.6675419E+00
  0.6963125E+01  0.4520808E+00
  0.7012500E+01  0.3061440E+00
  0.7061875E+01  0.2073049E+00
  0.7111250E+01  0.1403683E+00
  0.7160625E+01  0.9503978E-01
  0.7210000E+01  0.6434583E-01
  0.7259375E+01  0.4356268E-01
  0.7308750E+01  0.2949091E-01
  0.7358125E+01  0.1996363E-01
  0.7407500E+01  0.1351338E-01
  0.7456875E+01  0.9146389E-02
  0.7506250E+01  0.6189699E-02
  0.7555625E+01  0.4187579E-02
  0.7605000E+01  0.2831371E-02
  0.7654375E+01  0.1911953E-02
  0.7703750E+01  0.1287531E-02
  0.7753125E+01  0.8617897E-03
  0.7802500E+01  0.5690484E-03
  0.7851875E+01  0.3641388E-03
  0.7901250E+01  0.2154395E-03
  0.7950625E+01  0.1000000E-03
  0.8000000E+01  0.0000000E+00
