  0.1000000E+00  0.0000000E+00
  0.1493750E+00  0.1212588E+04
  0.1987500E+00  0.1081690E+05
  0.2481250E+00  0.7860666E+05
  0.2975000E+00  0.4671130E+06
  0.3468750E+00  0.2251876E+07
  0.3962500E+00  0.8713639E+07
  0.4456250E+00  0.2665950E+08
  0.4950000E+00  0.6300241E+08
  0.5443750E+00  0.1103234E+09
  0.5937500E+00  0.1305034E+09
  0.6431250E+00  0.7434734E+08
  0.6925000E+00 -0.4535978E+08
  0.7418750E+00 -0.1167077E+09
  0.7912500E+00 -0.4473122E+08
  0.8406250E+00  0.8756185E+08
  0.8900000E+00  0.9429788E+08
  0.9393750E+00 -0.3950151E+08
  0.9887500E+00 -0.1131561E+09
  0.1038125E+01 -0.1312394E+08
  0.1087500E+01  0.1070003E+09
  0.1136875E+01  0.6515549E+08
  0.1186250E+01 -0.7350220E+08
  0.1235625E+01 -0.1056100E+09
  0.1285000E+01  0.1085685E+08
  0.1334375E+01  0.1125683E+09
  0.1383750E+01  0.6707173E+08
  0.1433125E+01 -0.6252307E+08
  0.1482500E+01 -0.1171897E+09
  0.1531875E+01 -0.3800831E+08
  0.1581250E+01  0.8243909E+08
  0.1630625E+01  0.1180068E+09
  0.1680000E+01  0.3860633E+08
  0.1729375E+01 -0.7631129E+08
  0.1778750E+01 -0.1250627E+09
  0.1828125E+01 -0.7180326E+08
  0.1877500E+01  0.3645715E+08
  0.1926875E+01  0.1185371E+09
  0.1976250E+01  0.1209463E+09
  0.2025625E+01  0.4739709E+08
  0.2075000E+01 -0.5392162E+08
  0.2124375E+01 -0.1258162E+09
  0.2173750E+01 -0.1338722E+09
  0.2223125E+01 -0.7887509E+08
  0.2272500E+01  0.1054639E+08
  0.2321875E+01  0.9571045E+08
  0.2371250E+01  0.1452059E+09
  0.2420625E+01  0.1448464E+09
  0.2470000E+01  0.9876927E+08
  0.2519375E+01  0.2410158E+08
  0.2568750E+01 -0.5694816E+08
  0.2618125E+01 -0.1242422E+09
  0.2667500E+01 -0.1642464E+09
  0.2716875E+01 -0.1715583E+09
  0.2766250E+01 -0.1480478E+09
  0.2815625E+01 -0.1006364E+09
  0.2865000E+01 -0.3870099E+08
  0.2914375E+01  0.2819751E+08
  0.2963750E+01  0.9190548E+08
  0.3013125E+01  0.1465160E+09
  0.3062500E+01  0.1885701E+09
  0.3111875E+01  0.2168126E+09
  0.3161250E+01  0.2317072E+09
  0.3210625E+01  0.2348727E+09
  0.3260000E+01  0.2285573E+09
  0.3309375E+01  0.2152110E+09
  0.3358750E+01  0.1971800E+09
  0.3408125E+01  0.1765172E+09
  0.3457500E+01  0.1548897E+09
  0.3506875E+01  0.1335583E+09
  0.3556250E+01  0.1134042E+09
  0.3605625E+01  0.9498220E+08
  0.3655000E+01  0.7858463E+08
  0.3704375E+01  0.6430607E+08
  0.3753750E+01  0.5210133E+08
  0.3803125E+01  0.4183424E+08
  0.3852500E+01  0.3331626E+08
  0.3901875E+01  0.2633515E+08
  0.3951250E+01  0.2067518E+08
  0.4000625E+01  0.1613046E+08
  0.4050000E+01  0.1251273E+08
  0.4099375E+01  0.9655319E+07
  0.4148750E+01  0.7414357E+07
  0.4198125E+01  0.5668108E+07
  0.4247500E+01  0.4315299E+07
  0.4296875E+01  0.3272872E+07
  0.4346250E+01  0.2473534E+07
  0.4395625E+01  0.1863340E+07
  0.4445000E+01  0.1399448E+07
  0.4494375E+01  0.1048113E+07
  0.4543750E+01  0.7829522E+06
  0.4593125E+01  0.5834712E+06
  0.4642500E+01  0.4338463E+06
  0.4691875E+01  0.3219246E+06
  0.4741250E+01  0.2384174E+06
  0.4790625E+01  0.1762572E+06
  0.4840000E+01  0.1300874E+06
  0.4889375E+01  0.9586363E+05
  0.4938750E+01  0.7054230E+05
  0.4988125E+01  0.5184011E+05
  0.5037500E+01  0.3804898E+05
  0.5086875E+01  0.2789448E+05
  0.5136250E+01  0.2042803E+05
  0.5185625E+01  0.1494513E+05
  0.5235000E+01  0.1092365E+05
  0.5284375E+01  0.7977350E+04
  0.5333750E+01  0.5821005E+04
  0.5383125E+01  0.4244336E+04
  0.5432500E+01  0.3092548E+04
  0.5481875E+01  0.2251846E+04
  0.5531250E+01  0.1638686E+04
  0.5580625E+01  0.1191807E+04
  0.5630000E+01  0.8663344E+03
  0.5679375E+01  0.6294343E+03
  0.5728750E+01  0.4571039E+03
  0.5778125E+01  0.3318125E+03
  0.5827500E+01  0.2407666E+03
  0.5876875E+01  0.1746375E+03
  0.5926250E+01  0.1266272E+03
  0.5975625E+01  0.9178575E+02
  0.6025000E+01  0.6651072E+02
  0.6074375E+01  0.4818203E+02
  0.6123750E+01  0.3489504E+02
  0.6173125E+01  0.2526593E+02
  0.6222500E+01  0.1828972E+02
  0.6271875E+01  0.1323688E+02
  0.6321250E+01  0.9578050E+01
  0.6370625E+01  0.6929271E+01
  0.6420000E+01  0.5012129E+01
  0.6469375E+01  0.3624818E+01
  0.6518750E+01  0.2621104E+01
  0.6568125E+01  0.1895051E+01
  0.6617500E+01  0.1369935E+01
  0.6666875E+01  0.9902059E+00
  0.6716250E+01  0.7156505E+00
  0.6765625E+01  0.5171658E+00
  0.6815000E+01  0.3736930E+00
  0.6864375E+01  0.2699974E+00
  0.6913750E+01  0.1950590E+00
  0.6963125E+01  0.1409084E+00
  0.7012500E+01  0.1017829E+00
  0.7061875E+01  0.7351586E-01
  0.7111250E+01  0.5309552E-01
  0.7160625E+01  0.3834478E-01
  0.7210000E+01  0.2769023E-01
  0.7259375E+01  0.1999483E-01
  0.7308750E+01  0.1443698E-01
  0.7358125E+01  0.1042302E-01
  0.7407500E+01  0.7524052E-02
  0.7456875E+01  0.5430198E-02
  0.7506250E+01  0.3917560E-02
  0.7555625E+01  0.2824343E-02
  0.7605000E+01  0.2033575E-02
  0.7654375E+01  0.1460624E-02
  0.7703750E+01  0.1044154E-02
  0.7753125E+01  0.7395682E-03
  0.7802500E+01  0.5142441E-03
  0.7851875E+01  0.3440420E-03
  0.7901250E+01  0.2107238E-03
  0.7950625E+01  0.1000000E-03
  0.8000000E+01  0.0000000E+00
