  0.1000000E+00 -0.0000000E+00
  0.1493750E+00 -0.1221626E+01
  0.1987500E+00 -0.1085011E+02
  0.2481250E+00 -0.7842165E+02
  0.2975000E+00 -0.4629117E+03
  0.3468750E+00 -0.2213136E+04
  0.3962500E+00 -0.8474017E+04
  0.4456250E+00 -0.2557434E+05
  0.4950000E+00 -0.5933042E+05
  0.5443750E+00 -0.1011224E+06
  0.5937500E+00 -0.1141126E+06
  0.6431250E+00 -0.5592611E+05
  0.6925000E+00  0.5223591E+05
  0.7418750E+00  0.1026808E+06
  0.7912500E+00  0.2304254E+05
  0.8406250E+00 -0.8856104E+05
  0.8900000E+00 -0.6973808E+05
  0.9393750E+00  0.5572426E+05
  0.9887500E+00  0.9417865E+05
  0.1038125E+01 -0.1557938E+05
  0.1087500E+01 -0.1008816E+06
  0.1136875E+01 -0.2956194E+05
  0.1186250E+01  0.8683024E+05
  0.1235625E+01  0.7398241E+05
  0.1285000E+01 -0.4581663E+05
  0.1334375E+01 -0.1015691E+06
  0.1383750E+01 -0.2055589E+05
  0.1433125E+01  0.8702912E+05
  0.1482500E+01  0.8694047E+05
  0.1531875E+01 -0.1582097E+05
  0.1581250E+01 -0.1007915E+06
  0.1630625E+01 -0.7807529E+05
  0.1680000E+01  0.2373565E+05
  0.1729375E+01  0.1027891E+06
  0.1778750E+01  0.8872976E+05
  0.1828125E+01 -0.1147804E+04
  0.1877500E+01 -0.9010161E+05
  0.1926875E+01 -0.1108554E+06
  0.1976250E+01 -0.5279952E+05
  0.2025625E+01  0.4046520E+05
  0.2075000E+01  0.1084514E+06
  0.2124375E+01  0.1130489E+06
  0.2173750E+01  0.5589881E+05
  0.2223125E+01 -0.2974853E+05
  0.2272500E+01 -0.1012579E+06
  0.2321875E+01 -0.1279615E+06
  0.2371250E+01 -0.1020117E+06
  0.2420625E+01 -0.3707844E+05
  0.2470000E+01  0.4099668E+05
  0.2519375E+01  0.1056136E+06
  0.2568750E+01  0.1381658E+06
  0.2618125E+01  0.1319828E+06
  0.2667500E+01  0.9168780E+05
  0.2716875E+01  0.2958485E+05
  0.2766250E+01 -0.3898144E+05
  0.2815625E+01 -0.9974181E+05
  0.2865000E+01 -0.1422367E+06
  0.2914375E+01 -0.1609711E+06
  0.2963750E+01 -0.1552449E+06
  0.3013125E+01 -0.1281271E+06
  0.3062500E+01 -0.8505651E+05
  0.3111875E+01 -0.3245538E+05
  0.3161250E+01  0.2340333E+05
  0.3210625E+01  0.7716916E+05
  0.3260000E+01  0.1248253E+06
  0.3309375E+01  0.1637975E+06
  0.3358750E+01  0.1928478E+06
  0.3408125E+01  0.2118403E+06
  0.3457500E+01  0.2214544E+06
  0.3506875E+01  0.2228980E+06
  0.3556250E+01  0.2176565E+06
  0.3605625E+01  0.2072928E+06
  0.3655000E+01  0.1933031E+06
  0.3704375E+01  0.1770243E+06
  0.3753750E+01  0.1595847E+06
  0.3803125E+01  0.1418872E+06
  0.3852500E+01  0.1246159E+06
  0.3901875E+01  0.1082572E+06
  0.3951250E+01  0.9312831E+05
  0.4000625E+01  0.7940888E+05
  0.4050000E+01  0.6717134E+05
  0.4099375E+01  0.5640876E+05
  0.4148750E+01  0.4705858E+05
  0.4198125E+01  0.3902213E+05
  0.4247500E+01  0.3218001E+05
  0.4296875E+01  0.2640369E+05
  0.4346250E+01  0.2156383E+05
  0.4395625E+01  0.1753607E+05
  0.4445000E+01  0.1420467E+05
  0.4494375E+01  0.1146451E+05
  0.4543750E+01  0.9222037E+04
  0.4593125E+01  0.7395308E+04
  0.4642500E+01  0.5913504E+04
  0.4691875E+01  0.4716126E+04
  0.4741250E+01  0.3752000E+04
  0.4790625E+01  0.2978211E+04
  0.4840000E+01  0.2359038E+04
  0.4889375E+01  0.1864951E+04
  0.4938750E+01  0.1471681E+04
  0.4988125E+01  0.1159392E+04
  0.5037500E+01  0.9119463E+03
  0.5086875E+01  0.7162725E+03
  0.5136250E+01  0.5618260E+03
  0.5185625E+01  0.4401301E+03
  0.5235000E+01  0.3443928E+03
  0.5284375E+01  0.2691882E+03
  0.5333750E+01  0.2101937E+03
  0.5383125E+01  0.1639742E+03
  0.5432500E+01  0.1278061E+03
  0.5481875E+01  0.9953455E+02
  0.5531250E+01  0.7745810E+02
  0.5580625E+01  0.6023558E+02
  0.5630000E+01  0.4681160E+02
  0.5679375E+01  0.3635697E+02
  0.5728750E+01  0.2822108E+02
  0.5778125E+01  0.2189416E+02
  0.5827500E+01  0.1697725E+02
  0.5876875E+01  0.1315848E+02
  0.5926250E+01  0.1019428E+02
  0.5975625E+01  0.7894643E+01
  0.6025000E+01  0.6111470E+01
  0.6074375E+01  0.4729410E+01
  0.6123750E+01  0.3658698E+01
  0.6173125E+01  0.2829529E+01
  0.6222500E+01  0.2187653E+01
  0.6271875E+01  0.1690938E+01
  0.6321250E+01  0.1306681E+01
  0.6370625E+01  0.1009512E+01
  0.6420000E+01  0.7797589E+00
  0.6469375E+01  0.6021739E+00
  0.6518750E+01  0.4649457E+00
  0.6568125E+01  0.3589275E+00
  0.6617500E+01  0.2770387E+00
  0.6666875E+01  0.2138002E+00
  0.6716250E+01  0.1649735E+00
  0.6765625E+01  0.1272807E+00
  0.6815000E+01  0.9818765E-01
  0.6864375E+01  0.7573573E-01
  0.6913750E+01  0.5841135E-01
  0.6963125E+01  0.4504524E-01
  0.7012500E+01  0.3473423E-01
  0.7061875E+01  0.2678088E-01
  0.7111250E+01  0.2064670E-01
  0.7160625E+01  0.1591597E-01
  0.7210000E+01  0.1226783E-01
  0.7259375E+01  0.9454630E-02
  0.7308750E+01  0.7285277E-02
  0.7358125E+01  0.5612299E-02
  0.7407500E+01  0.4321897E-02
  0.7456875E+01  0.3326243E-02
  0.7506250E+01  0.2557530E-02
  0.7555625E+01  0.1963382E-02
  0.7605000E+01  0.1503294E-02
  0.7654375E+01  0.1145887E-02
  0.7703750E+01  0.8667739E-03
  0.7753125E+01  0.6469023E-03
  0.7802500E+01  0.4712568E-03
  0.7851875E+01  0.3278377E-03
  0.7901250E+01  0.2068431E-03
  0.7950625E+01  0.1000000E-03
  0.8000000E+01  0.0000000E+00
