  0.1000000E+00  0.0000000E+00
  0.1493750E+00  0.1893196E-02
  0.1987500E+00  0.1675735E-01
  0.2481250E+00  0.1206027E+00
  0.2975000E+00  0.7081700E+00
  0.3468750E+00  0.3363575E+01
  0.3962500E+00  0.1277233E+02
  0.4456250E+00  0.3813114E+02
  0.4950000E+00  0.8716668E+02
  0.5443750E+00  0.1453636E+03
  0.5937500E+00  0.1577478E+03
  0.6431250E+00  0.6695210E+02
  0.6925000E+00 -0.8570306E+02
  0.7418750E+00 -0.1410620E+03
  0.7912500E+00 -0.1343399E+02
  0.8406250E+00  0.1332376E+03
  0.8900000E+00  0.7964373E+02
  0.9393750E+00 -0.9815308E+02
  0.9887500E+00 -0.1197156E+03
  0.1038125E+01  0.5075491E+02
  0.1087500E+01  0.1400127E+03
  0.1136875E+01  0.7648367E+01
  0.1186250E+01 -0.1366093E+03
  0.1235625E+01 -0.7339003E+02
  0.1285000E+01  0.9815075E+02
  0.1334375E+01  0.1295098E+03
  0.1383750E+01 -0.1744910E+02
  0.1433125E+01 -0.1413228E+03
  0.1482500E+01 -0.8606223E+02
  0.1531875E+01  0.7344510E+02
  0.1581250E+01  0.1481340E+03
  0.1630625E+01  0.6006053E+02
  0.1680000E+01 -0.9067989E+02
  0.1729375E+01 -0.1517263E+03
  0.1778750E+01 -0.7072616E+02
  0.1828125E+01  0.7285422E+02
  0.1877500E+01  0.1555910E+03
  0.1926875E+01  0.1158366E+03
  0.1976250E+01 -0.9783104E+01
  0.2025625E+01 -0.1285822E+03
  0.2075000E+01 -0.1631552E+03
  0.2124375E+01 -0.9741551E+02
  0.2173750E+01  0.2448831E+02
  0.2223125E+01  0.1331650E+03
  0.2272500E+01  0.1745151E+03
  0.2321875E+01  0.1333488E+03
  0.2371250E+01  0.3326666E+02
  0.2420625E+01 -0.8053756E+02
  0.2470000E+01 -0.1633530E+03
  0.2519375E+01 -0.1875876E+03
  0.2568750E+01 -0.1491785E+03
  0.2618125E+01 -0.6442061E+02
  0.2667500E+01  0.3894177E+02
  0.2716875E+01  0.1318603E+03
  0.2766250E+01  0.1919710E+03
  0.2815625E+01  0.2078157E+03
  0.2865000E+01  0.1792985E+03
  0.2914375E+01  0.1153897E+03
  0.2963750E+01  0.3044588E+02
  0.3013125E+01 -0.5961692E+02
  0.3062500E+01 -0.1404482E+03
  0.3111875E+01 -0.2012812E+03
  0.3161250E+01 -0.2358045E+03
  0.3210625E+01 -0.2420863E+03
  0.3260000E+01 -0.2218566E+03
  0.3309375E+01 -0.1794616E+03
  0.3358750E+01 -0.1207509E+03
  0.3408125E+01 -0.5207909E+02
  0.3457500E+01  0.2047843E+02
  0.3506875E+01  0.9165910E+02
  0.3556250E+01  0.1573098E+03
  0.3605625E+01  0.2144857E+03
  0.3655000E+01  0.2614024E+03
  0.3704375E+01  0.2972926E+03
  0.3753750E+01  0.3222136E+03
  0.3803125E+01  0.3368378E+03
  0.3852500E+01  0.3422543E+03
  0.3901875E+01  0.3397932E+03
  0.3951250E+01  0.3308830E+03
  0.4000625E+01  0.3169415E+03
  0.4050000E+01  0.2992988E+03
  0.4099375E+01  0.2791474E+03
  0.4148750E+01  0.2575162E+03
  0.4198125E+01  0.2352611E+03
  0.4247500E+01  0.2130687E+03
  0.4296875E+01  0.1914685E+03
  0.4346250E+01  0.1708501E+03
  0.4395625E+01  0.1514825E+03
  0.4445000E+01  0.1335342E+03
  0.4494375E+01  0.1170926E+03
  0.4543750E+01  0.1021816E+03
  0.4593125E+01  0.8877691E+02
  0.4642500E+01  0.7681937E+02
  0.4691875E+01  0.6622599E+02
  0.4741250E+01  0.5689875E+02
  0.4790625E+01  0.4873164E+02
  0.4840000E+01  0.4161597E+02
  0.4889375E+01  0.3544432E+02
  0.4938750E+01  0.3011339E+02
  0.4988125E+01  0.2552584E+02
  0.5037500E+01  0.2159146E+02
  0.5086875E+01  0.1822776E+02
  0.5136250E+01  0.1536020E+02
  0.5185625E+01  0.1292200E+02
  0.5235000E+01  0.1085388E+02
  0.5284375E+01  0.9103561E+01
  0.5333750E+01  0.7625246E+01
  0.5383125E+01  0.6379023E+01
  0.5432500E+01  0.5330287E+01
  0.5481875E+01  0.4449167E+01
  0.5531250E+01  0.3709978E+01
  0.5580625E+01  0.3090716E+01
  0.5630000E+01  0.2572586E+01
  0.5679375E+01  0.2139588E+01
  0.5728750E+01  0.1778133E+01
  0.5778125E+01  0.1476707E+01
  0.5827500E+01  0.1225580E+01
  0.5876875E+01  0.1016542E+01
  0.5926250E+01  0.8426822E+00
  0.5975625E+01  0.6981900E+00
  0.6025000E+01  0.5781898E+00
  0.6074375E+01  0.4785957E+00
  0.6123750E+01  0.3959880E+00
  0.6173125E+01  0.3275087E+00
  0.6222500E+01  0.2707715E+00
  0.6271875E+01  0.2237861E+00
  0.6321250E+01  0.1848942E+00
  0.6370625E+01  0.1527156E+00
  0.6420000E+01  0.1261019E+00
  0.6469375E+01  0.1040989E+00
  0.6518750E+01  0.8591416E-01
  0.6568125E+01  0.7088987E-01
  0.6617500E+01  0.5848046E-01
  0.6666875E+01  0.4823368E-01
  0.6716250E+01  0.3977481E-01
  0.6765625E+01  0.3279356E-01
  0.6815000E+01  0.2703306E-01
  0.6864375E+01  0.2228082E-01
  0.6913750E+01  0.1836106E-01
  0.6963125E+01  0.1512847E-01
  0.7012500E+01  0.1246294E-01
  0.7061875E+01  0.1026524E-01
  0.7111250E+01  0.8453381E-02
  0.7160625E+01  0.6959669E-02
  0.7210000E+01  0.5728190E-02
  0.7259375E+01  0.4712778E-02
  0.7308750E+01  0.3875313E-02
  0.7358125E+01  0.3184313E-02
  0.7407500E+01  0.2613766E-02
  0.7456875E+01  0.2142174E-02
  0.7506250E+01  0.1751745E-02
  0.7555625E+01  0.1427733E-02
  0.7605000E+01  0.1157889E-02
  0.7654375E+01  0.9320045E-03
  0.7703750E+01  0.7415230E-03
  0.7753125E+01  0.5792246E-03
  0.7802500E+01  0.4389518E-03
  0.7851875E+01  0.3153787E-03
  0.7901250E+01  0.2038091E-03
  0.7950625E+01  0.1000000E-03
  0.8000000E+01  0.0000000E+00
