  0.1000000E+00 -0.0000000E+00
  0.1493750E+00 -0.5607400E-05
  0.1987500E+00 -0.4951139E-04
  0.2481250E+00 -0.3552452E-03
  0.2975000E+00 -0.2078112E-02
  0.3468750E+00 -0.9823906E-02
  0.3962500E+00 -0.3708081E-01
  0.4456250E+00 -0.1098394E+00
  0.4950000E+00 -0.2484165E+00
  0.5443750E+00 -0.4077111E+00
  0.5937500E+00 -0.4296626E+00
  0.6431250E+00 -0.1612546E+00
  0.6925000E+00  0.2597736E+00
  0.7418750E+00  0.3802503E+00
  0.7912500E+00 -0.7902256E-03
  0.8406250E+00 -0.3806934E+00
  0.8900000E+00 -0.1801251E+00
  0.9393750E+00  0.3052543E+00
  0.9887500E+00  0.2981226E+00
  0.1038125E+01 -0.1936911E+00
  0.1087500E+01 -0.3713767E+00
  0.1136875E+01  0.4683955E-01
  0.1186250E+01  0.3912027E+00
  0.1235625E+01  0.1329316E+00
  0.1285000E+01 -0.3244277E+00
  0.1334375E+01 -0.3113887E+00
  0.1383750E+01  0.1371499E+00
  0.1433125E+01  0.4012623E+00
  0.1482500E+01  0.1480442E+00
  0.1531875E+01 -0.2877123E+00
  0.1581250E+01 -0.3849582E+00
  0.1630625E+01 -0.5087596E-01
  0.1680000E+01  0.3373943E+00
  0.1729375E+01  0.3846158E+00
  0.1778750E+01  0.6341128E-01
  0.1828125E+01 -0.3152773E+00
  0.1877500E+01 -0.4238220E+00
  0.1926875E+01 -0.1895083E+00
  0.1976250E+01  0.1893938E+00
  0.2025625E+01  0.4321436E+00
  0.2075000E+01  0.3824442E+00
  0.2124375E+01  0.8930611E-01
  0.2173750E+01 -0.2572589E+00
  0.2223125E+01 -0.4592843E+00
  0.2272500E+01 -0.4191328E+00
  0.2321875E+01 -0.1717052E+00
  0.2371250E+01  0.1553116E+00
  0.2420625E+01  0.4148936E+00
  0.2470000E+01  0.5058305E+00
  0.2519375E+01  0.4043905E+00
  0.2568750E+01  0.1591300E+00
  0.2618125E+01 -0.1390250E+00
  0.2667500E+01 -0.3940125E+00
  0.2716875E+01 -0.5347781E+00
  0.2766250E+01 -0.5308800E+00
  0.2815625E+01 -0.3930457E+00
  0.2865000E+01 -0.1627785E+00
  0.2914375E+01  0.1031524E+00
  0.2963750E+01  0.3480403E+00
  0.3013125E+01  0.5268573E+00
  0.3062500E+01  0.6126571E+00
  0.3111875E+01  0.5979240E+00
  0.3161250E+01  0.4920585E+00
  0.3210625E+01  0.3165812E+00
  0.3260000E+01  0.9956331E-01
  0.3309375E+01 -0.1295627E+00
  0.3358750E+01 -0.3440977E+00
  0.3408125E+01 -0.5227785E+00
  0.3457500E+01 -0.6511078E+00
  0.3506875E+01 -0.7215287E+00
  0.3556250E+01 -0.7327588E+00
  0.3605625E+01 -0.6886089E+00
  0.3655000E+01 -0.5965760E+00
  0.3704375E+01 -0.4664306E+00
  0.3753750E+01 -0.3089518E+00
  0.3803125E+01 -0.1348947E+00
  0.3852500E+01  0.4577764E-01
  0.3901875E+01  0.2244028E+00
  0.3951250E+01  0.3938985E+00
  0.4000625E+01  0.5488557E+00
  0.4050000E+01  0.6854909E+00
  0.4099375E+01  0.8015028E+00
  0.4148750E+01  0.8958699E+00
  0.4198125E+01  0.9686227E+00
  0.4247500E+01  0.1020611E+01
  0.4296875E+01  0.1053285E+01
  0.4346250E+01  0.1068499E+01
  0.4395625E+01  0.1068345E+01
  0.4445000E+01  0.1055014E+01
  0.4494375E+01  0.1030690E+01
  0.4543750E+01  0.9974675E+00
  0.4593125E+01  0.9573006E+00
  0.4642500E+01  0.9119617E+00
  0.4691875E+01  0.8630243E+00
  0.4741250E+01  0.8118557E+00
  0.4790625E+01  0.7596199E+00
  0.4840000E+01  0.7072871E+00
  0.4889375E+01  0.6556477E+00
  0.4938750E+01  0.6053298E+00
  0.4988125E+01  0.5568170E+00
  0.5037500E+01  0.5104672E+00
  0.5086875E+01  0.4665306E+00
  0.5136250E+01  0.4251666E+00
  0.5185625E+01  0.3864597E+00
  0.5235000E+01  0.3504332E+00
  0.5284375E+01  0.3170617E+00
  0.5333750E+01  0.2862820E+00
  0.5383125E+01  0.2580026E+00
  0.5432500E+01  0.2321110E+00
  0.5481875E+01  0.2084806E+00
  0.5531250E+01  0.1869760E+00
  0.5580625E+01  0.1674574E+00
  0.5630000E+01  0.1497838E+00
  0.5679375E+01  0.1338160E+00
  0.5728750E+01  0.1194183E+00
  0.5778125E+01  0.1064603E+00
  0.5827500E+01  0.9481790E-01
  0.5876875E+01  0.8437388E-01
  0.5926250E+01  0.7501839E-01
  0.5975625E+01  0.6664914E-01
  0.6025000E+01  0.5917134E-01
  0.6074375E+01  0.5249763E-01
  0.6123750E+01  0.4654779E-01
  0.6173125E+01  0.4124844E-01
  0.6222500E+01  0.3653272E-01
  0.6271875E+01  0.3233981E-01
  0.6321250E+01  0.2861463E-01
  0.6370625E+01  0.2530735E-01
  0.6420000E+01  0.2237300E-01
  0.6469375E+01  0.1977111E-01
  0.6518750E+01  0.1746529E-01
  0.6568125E+01  0.1542288E-01
  0.6617500E+01  0.1361464E-01
  0.6666875E+01  0.1201438E-01
  0.6716250E+01  0.1059871E-01
  0.6765625E+01  0.9346741E-02
  0.6815000E+01  0.8239851E-02
  0.6864375E+01  0.7261444E-02
  0.6913750E+01  0.6396749E-02
  0.6963125E+01  0.5632619E-02
  0.7012500E+01  0.4957370E-02
  0.7061875E+01  0.4360612E-02
  0.7111250E+01  0.3833118E-02
  0.7160625E+01  0.3366690E-02
  0.7210000E+01  0.2954046E-02
  0.7259375E+01  0.2588713E-02
  0.7308750E+01  0.2264942E-02
  0.7358125E+01  0.1977614E-02
  0.7407500E+01  0.1722172E-02
  0.7456875E+01  0.1494552E-02
  0.7506250E+01  0.1291119E-02
  0.7555625E+01  0.1108618E-02
  0.7605000E+01  0.9441165E-03
  0.7654375E+01  0.7949667E-03
  0.7703750E+01  0.6587610E-03
  0.7753125E+01  0.5332951E-03
  0.7802500E+01  0.4165338E-03
  0.7851875E+01  0.3065789E-03
  0.7901250E+01  0.2016388E-03
  0.7950625E+01  0.1000000E-03
  0.8000000E+01  0.0000000E+00
