  0.1000000E+00  0.0000000E+00
  0.1493750E+00  0.5447531E-07
  0.1987500E+00  0.4802974E-06
  0.2481250E+00  0.3439886E-05
  0.2975000E+00  0.2007752E-04
  0.3468750E+00  0.9464697E-04
  0.3962500E+00  0.3559760E-03
  0.4456250E+00  0.1049543E-02
  0.4950000E+00  0.2358523E-02
  0.5443750E+00  0.3833866E-02
  0.5937500E+00  0.3968408E-02
  0.6431250E+00  0.1370118E-02
  0.6925000E+00 -0.2542255E-02
  0.7418750E+00 -0.3480605E-02
  0.7912500E+00  0.2164276E-03
  0.8406250E+00  0.3599178E-02
  0.8900000E+00  0.1447703E-02
  0.9393750E+00 -0.3011479E-02
  0.9887500E+00 -0.2573071E-02
  0.1038125E+01  0.2081680E-02
  0.1087500E+01  0.3333590E-02
  0.1136875E+01 -0.8063718E-03
  0.1186250E+01 -0.3664536E-02
  0.1235625E+01 -0.8304771E-03
  0.1285000E+01  0.3258047E-02
  0.1334375E+01  0.2580718E-02
  0.1383750E+01 -0.1739124E-02
  0.1433125E+01 -0.3697989E-02
  0.1482500E+01 -0.8416299E-03
  0.1531875E+01  0.3063283E-02
  0.1581250E+01  0.3324663E-02
  0.1630625E+01 -0.1818519E-03
  0.1680000E+01 -0.3492337E-02
  0.1729375E+01 -0.3227741E-02
  0.1778750E+01  0.1702443E-03
  0.1828125E+01  0.3411709E-02
  0.1877500E+01  0.3685985E-02
  0.1926875E+01  0.9310101E-03
  0.1976250E+01 -0.2546268E-02
  0.2025625E+01 -0.4160324E-02
  0.2075000E+01 -0.2905409E-02
  0.2124375E+01  0.2362652E-03
  0.2173750E+01  0.3233556E-02
  0.2223125E+01  0.4372500E-02
  0.2272500E+01  0.3149623E-02
  0.2321875E+01  0.3286342E-03
  0.2371250E+01 -0.2648910E-02
  0.2420625E+01 -0.4442254E-02
  0.2470000E+01 -0.4372784E-02
  0.2519375E+01 -0.2584020E-02
  0.2568750E+01  0.1569794E-03
  0.2618125E+01  0.2843781E-02
  0.2667500E+01  0.4611009E-02
  0.2716875E+01  0.4982227E-02
  0.2766250E+01  0.3941615E-02
  0.2815625E+01  0.1855873E-02
  0.2865000E+01 -0.6901866E-03
  0.2914375E+01 -0.3076154E-02
  0.2963750E+01 -0.4795022E-02
  0.3013125E+01 -0.5541947E-02
  0.3062500E+01 -0.5239155E-02
  0.3111875E+01 -0.4009269E-02
  0.3161250E+01 -0.2116745E-02
  0.3210625E+01  0.1024608E-03
  0.3260000E+01  0.2306904E-02
  0.3309375E+01  0.4201129E-02
  0.3358750E+01  0.5568197E-02
  0.3408125E+01  0.6283456E-02
  0.3457500E+01  0.6312706E-02
  0.3506875E+01  0.5699323E-02
  0.3556250E+01  0.4545090E-02
  0.3605625E+01  0.2988894E-02
  0.3655000E+01  0.1186420E-02
  0.3704375E+01 -0.7071080E-03
  0.3753750E+01 -0.2550104E-02
  0.3803125E+01 -0.4223463E-02
  0.3852500E+01 -0.5635383E-02
  0.3901875E+01 -0.6722804E-02
  0.3951250E+01 -0.7450252E-02
  0.4000625E+01 -0.7806893E-02
  0.4050000E+01 -0.7802515E-02
  0.4099375E+01 -0.7463038E-02
  0.4148750E+01 -0.6826033E-02
  0.4198125E+01 -0.5936544E-02
  0.4247500E+01 -0.4843438E-02
  0.4296875E+01 -0.3596379E-02
  0.4346250E+01 -0.2243449E-02
  0.4395625E+01 -0.8293960E-03
  0.4445000E+01  0.6055540E-03
  0.4494375E+01  0.2026405E-02
  0.4543750E+01  0.3403701E-02
  0.4593125E+01  0.4713521E-02
  0.4642500E+01  0.5937251E-02
  0.4691875E+01  0.7061189E-02
  0.4741250E+01  0.8076053E-02
  0.4790625E+01  0.8976429E-02
  0.4840000E+01  0.9760204E-02
  0.4889375E+01  0.1042802E-01
  0.4938750E+01  0.1098272E-01
  0.4988125E+01  0.1142892E-01
  0.5037500E+01  0.1177253E-01
  0.5086875E+01  0.1202037E-01
  0.5136250E+01  0.1217989E-01
  0.5185625E+01  0.1225887E-01
  0.5235000E+01  0.1226521E-01
  0.5284375E+01  0.1220672E-01
  0.5333750E+01  0.1209102E-01
  0.5383125E+01  0.1192540E-01
  0.5432500E+01  0.1171677E-01
  0.5481875E+01  0.1147159E-01
  0.5531250E+01  0.1119583E-01
  0.5580625E+01  0.1089499E-01
  0.5630000E+01  0.1057407E-01
  0.5679375E+01  0.1023755E-01
  0.5728750E+01  0.9889493E-02
  0.5778125E+01  0.9533465E-02
  0.5827500E+01  0.9172630E-02
  0.5876875E+01  0.8809749E-02
  0.5926250E+01  0.8447217E-02
  0.5975625E+01  0.8087090E-02
  0.6025000E+01  0.7731117E-02
  0.6074375E+01  0.7380766E-02
  0.6123750E+01  0.7037257E-02
  0.6173125E+01  0.6701581E-02
  0.6222500E+01  0.6374530E-02
  0.6271875E+01  0.6056718E-02
  0.6321250E+01  0.5748603E-02
  0.6370625E+01  0.5450505E-02
  0.6420000E+01  0.5162624E-02
  0.6469375E+01  0.4885058E-02
  0.6518750E+01  0.4617814E-02
  0.6568125E+01  0.4360825E-02
  0.6617500E+01  0.4113957E-02
  0.6666875E+01  0.3877022E-02
  0.6716250E+01  0.3649789E-02
  0.6765625E+01  0.3431986E-02
  0.6815000E+01  0.3223313E-02
  0.6864375E+01  0.3023443E-02
  0.6913750E+01  0.2832032E-02
  0.6963125E+01  0.2648719E-02
  0.7012500E+01  0.2473135E-02
  0.7061875E+01  0.2304900E-02
  0.7111250E+01  0.2143631E-02
  0.7160625E+01  0.1988941E-02
  0.7210000E+01  0.1840444E-02
  0.7259375E+01  0.1697752E-02
  0.7308750E+01  0.1560481E-02
  0.7358125E+01  0.1428248E-02
  0.7407500E+01  0.1300673E-02
  0.7456875E+01  0.1177382E-02
  0.7506250E+01  0.1058003E-02
  0.7555625E+01  0.9421673E-03
  0.7605000E+01  0.8295113E-03
  0.7654375E+01  0.7196745E-03
  0.7703750E+01  0.6122994E-03
  0.7753125E+01  0.5070315E-03
  0.7802500E+01  0.4035182E-03
  0.7851875E+01  0.3014086E-03
  0.7901250E+01  0.2003526E-03
  0.7950625E+01  0.1000000E-03
  0.8000000E+01  0.0000000E+00
