  0.1000000E+00  0.0000000E+00
  0.1493750E+00  0.5448217E-07
  0.1987500E+00  0.4803579E-06
  0.2481250E+00  0.3440320E-05
  0.2975000E+00  0.2008005E-04
  0.3468750E+00  0.9465888E-04
  0.3962500E+00  0.3560208E-03
  0.4456250E+00  0.1049675E-02
  0.4950000E+00  0.2358819E-02
  0.5443750E+00  0.3834346E-02
  0.5937500E+00  0.3968904E-02
  0.6431250E+00  0.1370288E-02
  0.6925000E+00 -0.2541777E-02
  0.7418750E+00 -0.3480377E-02
  0.7912500E+00  0.2161031E-03
  0.8406250E+00  0.3598773E-02
  0.8900000E+00  0.1447839E-02
  0.9393750E+00 -0.3011018E-02
  0.9887500E+00 -0.2573035E-02
  0.1038125E+01  0.2081233E-02
  0.1087500E+01  0.3333390E-02
  0.1136875E+01 -0.8060024E-03
  0.1186250E+01 -0.3664184E-02
  0.1235625E+01 -0.8306885E-03
  0.1285000E+01  0.3257592E-02
  0.1334375E+01  0.2580684E-02
  0.1383750E+01 -0.1738690E-02
  0.1433125E+01 -0.3697676E-02
  0.1482500E+01 -0.8418449E-03
  0.1531875E+01  0.3062808E-02
  0.1581250E+01  0.3324492E-02
  0.1630625E+01 -0.1815255E-03
  0.1680000E+01 -0.3491865E-02
  0.1729375E+01 -0.3227605E-02
  0.1778750E+01  0.1699122E-03
  0.1828125E+01  0.3411214E-02
  0.1877500E+01  0.3685757E-02
  0.1926875E+01  0.9312358E-03
  0.1976250E+01 -0.2545765E-02
  0.2025625E+01 -0.4159911E-02
  0.2075000E+01 -0.2905370E-02
  0.2124375E+01  0.2359055E-03
  0.2173750E+01  0.3233017E-02
  0.2223125E+01  0.4372091E-02
  0.2272500E+01  0.3149563E-02
  0.2321875E+01  0.3289541E-03
  0.2371250E+01 -0.2648364E-02
  0.2420625E+01 -0.4441724E-02
  0.2470000E+01 -0.4372493E-02
  0.2519375E+01 -0.2584081E-02
  0.2568750E+01  0.1565901E-03
  0.2618125E+01  0.2843197E-02
  0.2667500E+01  0.4610418E-02
  0.2716875E+01  0.4981808E-02
  0.2766250E+01  0.3941485E-02
  0.2815625E+01  0.1856065E-02
  0.2865000E+01 -0.6897200E-03
  0.2914375E+01 -0.3075521E-02
  0.2963750E+01 -0.4794359E-02
  0.3013125E+01 -0.5541388E-02
  0.3062500E+01 -0.5238804E-02
  0.3111875E+01 -0.4009187E-02
  0.3161250E+01 -0.2116945E-02
  0.3210625E+01  0.1020104E-03
  0.3260000E+01  0.2306268E-02
  0.3309375E+01  0.4200393E-02
  0.3358750E+01  0.5567451E-02
  0.3408125E+01  0.6282787E-02
  0.3457500E+01  0.6312186E-02
  0.3506875E+01  0.5699003E-02
  0.3556250E+01  0.4544999E-02
  0.3605625E+01  0.2989039E-02
  0.3655000E+01  0.1186789E-02
  0.3704375E+01 -0.7065442E-03
  0.3753750E+01 -0.2549386E-02
  0.3803125E+01 -0.4222637E-02
  0.3852500E+01 -0.5634500E-02
  0.3901875E+01 -0.6721913E-02
  0.3951250E+01 -0.7449399E-02
  0.4000625E+01 -0.7806120E-02
  0.4050000E+01 -0.7801854E-02
  0.4099375E+01 -0.7462517E-02
  0.4148750E+01 -0.6825671E-02
  0.4198125E+01 -0.5936353E-02
  0.4247500E+01 -0.4843423E-02
  0.4296875E+01 -0.3596539E-02
  0.4346250E+01 -0.2243779E-02
  0.4395625E+01 -0.8298866E-03
  0.4445000E+01  0.6049156E-03
  0.4494375E+01  0.2025634E-02
  0.4543750E+01  0.3402813E-02
  0.4593125E+01  0.4712532E-02
  0.4642500E+01  0.5936179E-02
  0.4691875E+01  0.7060051E-02
  0.4741250E+01  0.8074865E-02
  0.4790625E+01  0.8975205E-02
  0.4840000E+01  0.9758959E-02
  0.4889375E+01  0.1042676E-01
  0.4938750E+01  0.1098147E-01
  0.4988125E+01  0.1142768E-01
  0.5037500E+01  0.1177131E-01
  0.5086875E+01  0.1201917E-01
  0.5136250E+01  0.1217873E-01
  0.5185625E+01  0.1225776E-01
  0.5235000E+01  0.1226414E-01
  0.5284375E+01  0.1220569E-01
  0.5333750E+01  0.1209004E-01
  0.5383125E+01  0.1192447E-01
  0.5432500E+01  0.1171589E-01
  0.5481875E+01  0.1147075E-01
  0.5531250E+01  0.1119505E-01
  0.5580625E+01  0.1089426E-01
  0.5630000E+01  0.1057338E-01
  0.5679375E+01  0.1023692E-01
  0.5728750E+01  0.9888899E-02
  0.5778125E+01  0.9532915E-02
  0.5827500E+01  0.9172121E-02
  0.5876875E+01  0.8809279E-02
  0.5926250E+01  0.8446785E-02
  0.5975625E+01  0.8086693E-02
  0.6025000E+01  0.7730753E-02
  0.6074375E+01  0.7380434E-02
  0.6123750E+01  0.7036954E-02
  0.6173125E+01  0.6701305E-02
  0.6222500E+01  0.6374280E-02
  0.6271875E+01  0.6056492E-02
  0.6321250E+01  0.5748399E-02
  0.6370625E+01  0.5450321E-02
  0.6420000E+01  0.5162459E-02
  0.6469375E+01  0.4884910E-02
  0.6518750E+01  0.4617682E-02
  0.6568125E+01  0.4360707E-02
  0.6617500E+01  0.4113852E-02
  0.6666875E+01  0.3876930E-02
  0.6716250E+01  0.3649708E-02
  0.6765625E+01  0.3431915E-02
  0.6815000E+01  0.3223251E-02
  0.6864375E+01  0.3023389E-02
  0.6913750E+01  0.2831985E-02
  0.6963125E+01  0.2648679E-02
  0.7012500E+01  0.2473101E-02
  0.7061875E+01  0.2304871E-02
  0.7111250E+01  0.2143607E-02
  0.7160625E+01  0.1988921E-02
  0.7210000E+01  0.1840427E-02
  0.7259375E+01  0.1697739E-02
  0.7308750E+01  0.1560470E-02
  0.7358125E+01  0.1428239E-02
  0.7407500E+01  0.1300667E-02
  0.7456875E+01  0.1177377E-02
  0.7506250E+01  0.1057999E-02
  0.7555625E+01  0.9421645E-03
  0.7605000E+01  0.8295094E-03
  0.7654375E+01  0.7196732E-03
  0.7703750E+01  0.6122986E-03
  0.7753125E+01  0.5070310E-03
  0.7802500E+01  0.4035180E-03
  0.7851875E+01  0.3014085E-03
  0.7901250E+01  0.2003526E-03
  0.7950625E+01  0.1000000E-03
  0.8000000E+01  0.0000000E+00
