  0.1000000E+00 -0.0000000E+00
  0.1250000E+00 -0.5960638E-04
  0.1500000E+00 -0.2577334E-03
  0.1750000E+00 -0.9964513E-03
  0.2000000E+00 -0.3617951E-02
  0.2250000E+00 -0.1238487E-01
  0.2500000E+00 -0.4002059E-01
  0.2750000E+00 -0.1222105E+00
  0.3000000E+00 -0.3530525E+00
  0.3250000E+00 -0.9659477E+00
  0.3500000E+00 -0.2505732E+01
  0.3750000E+00 -0.6169762E+01
  0.4000000E+00 -0.1443582E+02
  0.4250000E+00 -0.3213206E+02
  0.4500000E+00 -0.6811473E+02
  0.4750000E+00 -0.1376651E+03
  0.5000000E+00 -0.2655537E+03
  0.5250000E+00 -0.4894186E+03
  0.5500000E+00 -0.8626737E+03
  0.5750000E+00 -0.1455694E+04
  0.6000000E+00 -0.2353681E+04
  0.6250000E+00 -0.3649611E+04
  0.6500000E+00 -0.5431254E+04
  0.6750000E+00 -0.7762441E+04
  0.7000000E+00 -0.1066050E+05
  0.7250000E+00 -0.1407365E+05
  0.7500000E+00 -0.1786349E+05
  0.7750000E+00 -0.2179818E+05
  0.8000000E+00 -0.2556075E+05
  0.8250000E+00 -0.2877435E+05
  0.8500000E+00 -0.3104295E+05
  0.8750000E+00 -0.3200203E+05
  0.9000000E+00 -0.3137112E+05
  0.9250000E+00 -0.2899937E+05
  0.9500000E+00 -0.2489338E+05
  0.9750000E+00 -0.1922616E+05
  0.1000000E+01 -0.1232120E+05
  0.1025000E+01 -0.4616520E+04
  0.1050000E+01  0.3385523E+04
  0.1075000E+01  0.1117427E+05
  0.1100000E+01  0.1828402E+05
  0.1125000E+01  0.2433713E+05
  0.1150000E+01  0.2907216E+05
  0.1175000E+01  0.3235526E+05
  0.1200000E+01  0.3417556E+05
  0.1225000E+01  0.3462804E+05
  0.1250000E+01  0.3388796E+05
  0.1275000E+01  0.3218174E+05
  0.1300000E+01  0.2975842E+05
  0.1325000E+01  0.2686482E+05
  0.1350000E+01  0.2372650E+05
  0.1375000E+01  0.2053506E+05
  0.1400000E+01  0.1744167E+05
  0.1425000E+01  0.1455588E+05
  0.1450000E+01  0.1194831E+05
  0.1475000E+01  0.9656038E+04
  0.1500000E+01  0.7689158E+04
  0.1525000E+01  0.6037738E+04
  0.1550000E+01  0.4678261E+04
  0.1575000E+01  0.3579184E+04
  0.1600000E+01  0.2705369E+04
  0.1625000E+01  0.2021379E+04
  0.1650000E+01  0.1493713E+04
  0.1675000E+01  0.1092172E+04
  0.1700000E+01  0.7905186E+03
  0.1725000E+01  0.5666477E+03
  0.1750000E+01  0.4024075E+03
  0.1775000E+01  0.2832266E+03
  0.1800000E+01  0.1976385E+03
  0.1825000E+01  0.1367810E+03
  0.1850000E+01  0.9391521E+02
  0.1875000E+01  0.6399346E+02
  0.1900000E+01  0.4328642E+02
  0.1925000E+01  0.2907405E+02
  0.1950000E+01  0.1939603E+02
  0.1975000E+01  0.1285537E+02
  0.2000000E+01  0.8466951E+01
  0.2025000E+01  0.5542957E+01
  0.2050000E+01  0.3607658E+01
  0.2075000E+01  0.2334920E+01
  0.2100000E+01  0.1503042E+01
  0.2125000E+01  0.9625173E+00
  0.2150000E+01  0.6132912E+00
  0.2175000E+01  0.3888884E+00
  0.2200000E+01  0.2454479E+00
  0.2225000E+01  0.1542208E+00
  0.2250000E+01  0.9648196E-01
  0.2275000E+01  0.6010854E-01
  0.2300000E+01  0.3729730E-01
  0.2325000E+01  0.2305317E-01
  0.2350000E+01  0.1419552E-01
  0.2375000E+01  0.8709333E-02
  0.2400000E+01  0.5324180E-02
  0.2425000E+01  0.3242771E-02
  0.2450000E+01  0.1966868E-02
  0.2475000E+01  0.1186276E-02
  0.2500000E+01  0.7083685E-03
  0.2525000E+01  0.4134919E-03
  0.2550000E+01  0.2267512E-03
  0.2575000E+01  0.1000000E-03
  0.2600000E+01  0.0000000E+00
