  0.1000000E+00  0.0000000E+00
  0.1493750E+00  0.9232345E+45
  0.1987500E+00  0.9278405E+46
  0.2481250E+00  0.7802218E+47
  0.2975000E+00  0.5532151E+48
  0.3468750E+00  0.3306828E+49
  0.3962500E+00  0.1666319E+50
  0.4456250E+00  0.7079992E+50
  0.4950000E+00  0.2537544E+51
  0.5443750E+00  0.7675121E+51
  0.5937500E+00  0.1959269E+52
  0.6431250E+00  0.4217754E+52
  0.6925000E+00  0.7634455E+52
  0.7418750E+00  0.1153413E+53
  0.7912500E+00  0.1429565E+53
  0.8406250E+00  0.1392592E+53
  0.8900000E+00  0.9312749E+52
  0.9393750E+00  0.1338158E+52
  0.9887500E+00 -0.7162608E+52
  0.1038125E+01 -0.1275862E+53
  0.1087500E+01 -0.1323126E+53
  0.1136875E+01 -0.8618612E+52
  0.1186250E+01 -0.9335345E+51
  0.1235625E+01  0.7050487E+52
  0.1285000E+01  0.1307844E+53
  0.1334375E+01  0.1610233E+53
  0.1383750E+01  0.1625461E+53
  0.1433125E+01  0.1438371E+53
  0.1482500E+01  0.1152003E+53
  0.1531875E+01  0.8509329E+52
  0.1581250E+01  0.5870297E+52
  0.1630625E+01  0.3817018E+52
  0.1680000E+01  0.2355895E+52
  0.1729375E+01  0.1388109E+52
  0.1778750E+01  0.7844669E+51
  0.1828125E+01  0.4269185E+51
  0.1877500E+01  0.2245086E+51
  0.1926875E+01  0.1144322E+51
  0.1976250E+01  0.5668230E+50
  0.2025625E+01  0.2735018E+50
  0.2075000E+01  0.1288277E+50
  0.2124375E+01  0.5935072E+49
  0.2173750E+01  0.2678938E+49
  0.2223125E+01  0.1186595E+49
  0.2272500E+01  0.5164969E+48
  0.2321875E+01  0.2212212E+48
  0.2371250E+01  0.9334692E+47
  0.2420625E+01  0.3884763E+47
  0.2470000E+01  0.1596096E+47
  0.2519375E+01  0.6480169E+46
  0.2568750E+01  0.2602068E+46
  0.2618125E+01  0.1034185E+46
  0.2667500E+01  0.4071387E+45
  0.2716875E+01  0.1588703E+45
  0.2766250E+01  0.6148517E+44
  0.2815625E+01  0.2361432E+44
  0.2865000E+01  0.9005130E+43
  0.2914375E+01  0.3411371E+43
  0.2963750E+01  0.1284375E+43
  0.3013125E+01  0.4807989E+42
  0.3062500E+01  0.1790258E+42
  0.3111875E+01  0.6632965E+41
  0.3161250E+01  0.2446177E+41
  0.3210625E+01  0.8982430E+40
  0.3260000E+01  0.3285137E+40
  0.3309375E+01  0.1196977E+40
  0.3358750E+01  0.4346121E+39
  0.3408125E+01  0.1572911E+39
  0.3457500E+01  0.5675301E+38
  0.3506875E+01  0.2041950E+38
  0.3556250E+01  0.7327505E+37
  0.3605625E+01  0.2623005E+37
  0.3655000E+01  0.9367983E+36
  0.3704375E+01  0.3338599E+36
  0.3753750E+01  0.1187453E+36
  0.3803125E+01  0.4215609E+35
  0.3852500E+01  0.1494000E+35
  0.3901875E+01  0.5286133E+34
  0.3951250E+01  0.1867538E+34
  0.4000625E+01  0.6588540E+33
  0.4050000E+01  0.2321336E+33
  0.4099375E+01  0.8168723E+32
  0.4148750E+01  0.2871266E+32
  0.4198125E+01  0.1008159E+32
  0.4247500E+01  0.3536321E+31
  0.4296875E+01  0.1239284E+31
  0.4346250E+01  0.4339235E+30
  0.4395625E+01  0.1518112E+30
  0.4445000E+01  0.5307212E+29
  0.4494375E+01  0.1854056E+29
  0.4543750E+01  0.6472817E+28
  0.4593125E+01  0.2258381E+28
  0.4642500E+01  0.7875028E+27
  0.4691875E+01  0.2744572E+27
  0.4741250E+01  0.9560496E+26
  0.4790625E+01  0.3328770E+26
  0.4840000E+01  0.1158506E+26
  0.4889375E+01  0.4030290E+25
  0.4938750E+01  0.1401554E+25
  0.4988125E+01  0.4872251E+24
  0.5037500E+01  0.1693192E+24
  0.5086875E+01  0.5882323E+23
  0.5136250E+01  0.2042992E+23
  0.5185625E+01  0.7093617E+22
  0.5235000E+01  0.2462408E+22
  0.5284375E+01  0.8545759E+21
  0.5333750E+01  0.2965148E+21
  0.5383125E+01  0.1028617E+21
  0.5432500E+01  0.3567618E+20
  0.5481875E+01  0.1237160E+20
  0.5531250E+01  0.4289446E+19
  0.5580625E+01  0.1486994E+19
  0.5630000E+01  0.5154123E+18
  0.5679375E+01  0.1786247E+18
  0.5728750E+01  0.6189760E+17
  0.5778125E+01  0.2144642E+17
  0.5827500E+01  0.7429992E+16
  0.5876875E+01  0.2573815E+16
  0.5926250E+01  0.8915068E+15
  0.5975625E+01  0.3087687E+15
  0.6025000E+01  0.1069315E+15
  0.6074375E+01  0.3702921E+14
  0.6123750E+01  0.1282187E+14
  0.6173125E+01  0.4439450E+13
  0.6222500E+01  0.1537019E+13
  0.6271875E+01  0.5321130E+12
  0.6321250E+01  0.1842063E+12
  0.6370625E+01  0.6376504E+11
  0.6420000E+01  0.2207191E+11
  0.6469375E+01  0.7639726E+10
  0.6518750E+01  0.2644219E+10
  0.6568125E+01  0.9151663E+09
  0.6617500E+01  0.3167283E+09
  0.6666875E+01  0.1096122E+09
  0.6716250E+01  0.3793298E+08
  0.6765625E+01  0.1312690E+08
  0.6815000E+01  0.4542505E+07
  0.6864375E+01  0.1571873E+07
  0.6913750E+01  0.5439123E+06
  0.6963125E+01  0.1882047E+06
  0.7012500E+01  0.6512131E+05
  0.7061875E+01  0.2253238E+05
  0.7111250E+01  0.7796202E+04
  0.7160625E+01  0.2697439E+04
  0.7210000E+01  0.9332829E+03
  0.7259375E+01  0.3229003E+03
  0.7308750E+01  0.1117166E+03
  0.7358125E+01  0.3865102E+02
  0.7407500E+01  0.1337208E+02
  0.7456875E+01  0.4626285E+01
  0.7506250E+01  0.1600520E+01
  0.7555625E+01  0.5537137E+00
  0.7605000E+01  0.1915603E+00
  0.7654375E+01  0.6627078E-01
  0.7703750E+01  0.2292630E-01
  0.7753125E+01  0.7931119E-02
  0.7802500E+01  0.2743234E-02
  0.7851875E+01  0.9475690E-03
  0.7901250E+01  0.3236624E-03
  0.7950625E+01  0.1000000E-03
  0.8000000E+01  0.0000000E+00
