  0.1000000E+00 -0.0000000E+00
  0.1493750E+00 -0.1726064E+42
  0.1987500E+00 -0.1709802E+43
  0.2481250E+00 -0.1412888E+44
  0.2975000E+00 -0.9811500E+44
  0.3468750E+00 -0.5720497E+45
  0.3962500E+00 -0.2797726E+46
  0.4456250E+00 -0.1146721E+47
  0.4950000E+00 -0.3934839E+47
  0.5443750E+00 -0.1128553E+48
  0.5937500E+00 -0.2697929E+48
  0.6431250E+00 -0.5347419E+48
  0.6925000E+00 -0.8694762E+48
  0.7418750E+00 -0.1133922E+49
  0.7912500E+00 -0.1123075E+49
  0.8406250E+00 -0.7042283E+48
  0.8900000E+00  0.3056321E+47
  0.9393750E+00  0.7499187E+48
  0.9887500E+00  0.1066335E+49
  0.1038125E+01  0.7966442E+48
  0.1087500E+01  0.9225323E+47
  0.1136875E+01 -0.6608881E+48
  0.1186250E+01 -0.1083195E+49
  0.1235625E+01 -0.1002542E+49
  0.1285000E+01 -0.4992772E+48
  0.1334375E+01  0.1906161E+48
  0.1383750E+01  0.8190476E+48
  0.1433125E+01  0.1227507E+49
  0.1482500E+01  0.1374357E+49
  0.1531875E+01  0.1305619E+49
  0.1581250E+01  0.1105764E+49
  0.1630625E+01  0.8569023E+48
  0.1680000E+01  0.6174952E+48
  0.1729375E+01  0.4184124E+48
  0.1778750E+01  0.2687977E+48
  0.1828125E+01  0.1647729E+48
  0.1877500E+01  0.9688096E+47
  0.1926875E+01  0.5487241E+47
  0.1976250E+01  0.3004815E+47
  0.2025625E+01  0.1595860E+47
  0.2075000E+01  0.8242815E+46
  0.2124375E+01  0.4150576E+46
  0.2173750E+01  0.2041851E+46
  0.2223125E+01  0.9832296E+45
  0.2272500E+01  0.4642463E+45
  0.2321875E+01  0.2152681E+45
  0.2371250E+01  0.9816580E+44
  0.2420625E+01  0.4408047E+44
  0.2470000E+01  0.1951393E+44
  0.2519375E+01  0.8525486E+43
  0.2568750E+01  0.3679542E+43
  0.2618125E+01  0.1570211E+43
  0.2667500E+01  0.6630856E+42
  0.2716875E+01  0.2773052E+42
  0.2766250E+01  0.1149282E+42
  0.2815625E+01  0.4723406E+41
  0.2865000E+01  0.1926206E+41
  0.2914375E+01  0.7798439E+40
  0.2963750E+01  0.3136110E+40
  0.3013125E+01  0.1253309E+40
  0.3062500E+01  0.4979638E+39
  0.3111875E+01  0.1967822E+39
  0.3161250E+01  0.7737227E+38
  0.3210625E+01  0.3027941E+38
  0.3260000E+01  0.1179811E+38
  0.3309375E+01  0.4578368E+37
  0.3358750E+01  0.1769960E+37
  0.3408125E+01  0.6818407E+36
  0.3457500E+01  0.2618027E+36
  0.3506875E+01  0.1002153E+36
  0.3556250E+01  0.3825196E+35
  0.3605625E+01  0.1456186E+35
  0.3655000E+01  0.5529705E+34
  0.3704375E+01  0.2094991E+34
  0.3753750E+01  0.7920002E+33
  0.3803125E+01  0.2988097E+33
  0.3852500E+01  0.1125251E+33
  0.3901875E+01  0.4230035E+32
  0.3951250E+01  0.1587559E+32
  0.4000625E+01  0.5949148E+31
  0.4050000E+01  0.2226194E+31
  0.4099375E+01  0.8319476E+30
  0.4148750E+01  0.3105220E+30
  0.4198125E+01  0.1157679E+30
  0.4247500E+01  0.4311383E+29
  0.4296875E+01  0.1604018E+29
  0.4346250E+01  0.5962048E+28
  0.4395625E+01  0.2214125E+28
  0.4445000E+01  0.8215893E+27
  0.4494375E+01  0.3046331E+27
  0.4543750E+01  0.1128732E+27
  0.4593125E+01  0.4179431E+26
  0.4642500E+01  0.1546589E+26
  0.4691875E+01  0.5719814E+25
  0.4741250E+01  0.2114244E+25
  0.4790625E+01  0.7811063E+24
  0.4840000E+01  0.2884439E+24
  0.4889375E+01  0.1064688E+24
  0.4938750E+01  0.3928314E+23
  0.4988125E+01  0.1448853E+23
  0.5037500E+01  0.5341800E+22
  0.5086875E+01  0.1968823E+22
  0.5136250E+01  0.7254228E+21
  0.5185625E+01  0.2672083E+21
  0.5235000E+01  0.9839915E+20
  0.5284375E+01  0.3622624E+20
  0.5333750E+01  0.1333377E+20
  0.5383125E+01  0.4906672E+19
  0.5432500E+01  0.1805228E+19
  0.5481875E+01  0.6640398E+18
  0.5531250E+01  0.2442184E+18
  0.5580625E+01  0.8980288E+17
  0.5630000E+01  0.3301676E+17
  0.5679375E+01  0.1213712E+17
  0.5728750E+01  0.4461056E+16
  0.5778125E+01  0.1639475E+16
  0.5827500E+01  0.6024493E+15
  0.5876875E+01  0.2213545E+15
  0.5926250E+01  0.8132262E+14
  0.5975625E+01  0.2987395E+14
  0.6025000E+01  0.1097324E+14
  0.6074375E+01  0.4030331E+13
  0.6123750E+01  0.1480173E+13
  0.6173125E+01  0.5435665E+12
  0.6222500E+01  0.1996012E+12
  0.6271875E+01  0.7329022E+11
  0.6321250E+01  0.2690934E+11
  0.6370625E+01  0.9879523E+10
  0.6420000E+01  0.3626990E+10
  0.6469375E+01  0.1331484E+10
  0.6518750E+01  0.4887712E+09
  0.6568125E+01  0.1794143E+09
  0.6617500E+01  0.6585543E+08
  0.6666875E+01  0.2417186E+08
  0.6716250E+01  0.8871839E+07
  0.6765625E+01  0.3256142E+07
  0.6815000E+01  0.1195033E+07
  0.6864375E+01  0.4385758E+06
  0.6913750E+01  0.1609526E+06
  0.6963125E+01  0.5906643E+05
  0.7012500E+01  0.2167572E+05
  0.7061875E+01  0.7954213E+04
  0.7111250E+01  0.2918854E+04
  0.7160625E+01  0.1071074E+04
  0.7210000E+01  0.3930239E+03
  0.7259375E+01  0.1442154E+03
  0.7308750E+01  0.5291729E+02
  0.7358125E+01  0.1941680E+02
  0.7407500E+01  0.7124459E+01
  0.7456875E+01  0.2614092E+01
  0.7506250E+01  0.9591463E+00
  0.7555625E+01  0.3519202E+00
  0.7605000E+01  0.1291217E+00
  0.7654375E+01  0.4737509E-01
  0.7703750E+01  0.1738181E-01
  0.7753125E+01  0.6377085E-02
  0.7802500E+01  0.2339049E-02
  0.7851875E+01  0.8563648E-03
  0.7901250E+01  0.3092522E-03
  0.7950625E+01  0.1000000E-03
  0.8000000E+01  0.0000000E+00
