  0.1000000E+00  0.0000000E+00
  0.1493750E+00  0.3481176E+38
  0.1987500E+00  0.3401679E+39
  0.2481250E+00  0.2764858E+40
  0.2975000E+00  0.1882348E+41
  0.3468750E+00  0.1071691E+42
  0.3962500E+00  0.5093130E+42
  0.4456250E+00  0.2016197E+43
  0.4950000E+00  0.6630463E+43
  0.5443750E+00  0.1804349E+44
  0.5937500E+00  0.4037500E+44
  0.6431250E+00  0.7345430E+44
  0.6925000E+00  0.1062657E+45
  0.7418750E+00  0.1162309E+45
  0.7912500E+00  0.8238529E+44
  0.8406250E+00  0.7489818E+43
  0.8900000E+00 -0.7177064E+44
  0.9393750E+00 -0.1051552E+45
  0.9887500E+00 -0.6793218E+44
  0.1038125E+01  0.1574267E+44
  0.1087500E+01  0.8871542E+44
  0.1136875E+01  0.1029061E+45
  0.1186250E+01  0.5177812E+44
  0.1235625E+01 -0.3033810E+44
  0.1285000E+01 -0.9559575E+44
  0.1334375E+01 -0.1122957E+45
  0.1383750E+01 -0.7772274E+44
  0.1433125E+01 -0.1184925E+44
  0.1482500E+01  0.5813917E+44
  0.1531875E+01  0.1112082E+45
  0.1581250E+01  0.1381906E+45
  0.1630625E+01  0.1405101E+45
  0.1680000E+01  0.1255304E+45
  0.1729375E+01  0.1019083E+45
  0.1778750E+01  0.7666351E+44
  0.1828125E+01  0.5413696E+44
  0.1877500E+01  0.3621955E+44
  0.1926875E+01  0.2311994E+44
  0.1976250E+01  0.1415920E+44
  0.2025625E+01  0.8357385E+43
  0.2075000E+01  0.4772305E+43
  0.2124375E+01  0.2644929E+43
  0.2173750E+01  0.1426717E+43
  0.2223125E+01  0.7508550E+42
  0.2272500E+01  0.3863674E+42
  0.2321875E+01  0.1947591E+42
  0.2371250E+01  0.9633567E+41
  0.2420625E+01  0.4683091E+41
  0.2470000E+01  0.2240439E+41
  0.2519375E+01  0.1056164E+41
  0.2568750E+01  0.4911575E+40
  0.2618125E+01  0.2255538E+40
  0.2667500E+01  0.1023835E+40
  0.2716875E+01  0.4597653E+39
  0.2766250E+01  0.2044151E+39
  0.2815625E+01  0.9004856E+38
  0.2865000E+01  0.3932953E+38
  0.2914375E+01  0.1704147E+38
  0.2963750E+01  0.7329742E+37
  0.3013125E+01  0.3131066E+37
  0.3062500E+01  0.1329010E+37
  0.3111875E+01  0.5607792E+36
  0.3161250E+01  0.2353226E+36
  0.3210625E+01  0.9824506E+35
  0.3260000E+01  0.4082140E+35
  0.3309375E+01  0.1688647E+35
  0.3358750E+01  0.6956593E+34
  0.3408125E+01  0.2854862E+34
  0.3457500E+01  0.1167398E+34
  0.3506875E+01  0.4757787E+33
  0.3556250E+01  0.1933046E+33
  0.3605625E+01  0.7831101E+32
  0.3655000E+01  0.3163971E+32
  0.3704375E+01  0.1275119E+32
  0.3753750E+01  0.5126867E+31
  0.3803125E+01  0.2056862E+31
  0.3852500E+01  0.8235205E+30
  0.3901875E+01  0.3290937E+30
  0.3951250E+01  0.1312793E+30
  0.4000625E+01  0.5228250E+29
  0.4050000E+01  0.2078970E+29
  0.4099375E+01  0.8254995E+28
  0.4148750E+01  0.3273438E+28
  0.4198125E+01  0.1296430E+28
  0.4247500E+01  0.5128477E+27
  0.4296875E+01  0.2026543E+27
  0.4346250E+01  0.7999870E+26
  0.4395625E+01  0.3155000E+26
  0.4445000E+01  0.1243176E+26
  0.4494375E+01  0.4894501E+25
  0.4543750E+01  0.1925531E+25
  0.4593125E+01  0.7569747E+24
  0.4642500E+01  0.2973868E+24
  0.4691875E+01  0.1167592E+24
  0.4741250E+01  0.4581496E+23
  0.4790625E+01  0.1796750E+23
  0.4840000E+01  0.7042836E+22
  0.4889375E+01  0.2759319E+22
  0.4938750E+01  0.1080599E+22
  0.4988125E+01  0.4230072E+21
  0.5037500E+01  0.1655251E+21
  0.5086875E+01  0.6474768E+20
  0.5136250E+01  0.2531855E+20
  0.5185625E+01  0.9897318E+19
  0.5235000E+01  0.3867848E+19
  0.5284375E+01  0.1511134E+19
  0.5333750E+01  0.5902361E+18
  0.5383125E+01  0.2304865E+18
  0.5432500E+01  0.8998478E+17
  0.5481875E+01  0.3512389E+17
  0.5531250E+01  0.1370731E+17
  0.5580625E+01  0.5348399E+16
  0.5630000E+01  0.2086518E+16
  0.5679375E+01  0.8138646E+15
  0.5728750E+01  0.3174085E+15
  0.5778125E+01  0.1237728E+15
  0.5827500E+01  0.4825883E+14
  0.5876875E+01  0.1881379E+14
  0.5926250E+01  0.7333775E+13
  0.5975625E+01  0.2858470E+13
  0.6025000E+01  0.1114032E+13
  0.6074375E+01  0.4341323E+12
  0.6123750E+01  0.1691648E+12
  0.6173125E+01  0.6591185E+11
  0.6222500E+01  0.2567941E+11
  0.6271875E+01  0.1000407E+11
  0.6321250E+01  0.3897090E+10
  0.6370625E+01  0.1518022E+10
  0.6420000E+01  0.5912778E+09
  0.6469375E+01  0.2302938E+09
  0.6518750E+01  0.8969162E+08
  0.6568125E+01  0.3493024E+08
  0.6617500E+01  0.1360294E+08
  0.6666875E+01  0.5297208E+07
  0.6716250E+01  0.2062742E+07
  0.6765625E+01  0.8032078E+06
  0.6815000E+01  0.3127497E+06
  0.6864375E+01  0.1217735E+06
  0.6913750E+01  0.4741288E+05
  0.6963125E+01  0.1845987E+05
  0.7012500E+01  0.7187041E+04
  0.7061875E+01  0.2798091E+04
  0.7111250E+01  0.1089342E+04
  0.7160625E+01  0.4240898E+03
  0.7210000E+01  0.1650986E+03
  0.7259375E+01  0.6427194E+02
  0.7308750E+01  0.2502029E+02
  0.7358125E+01  0.9739952E+01
  0.7407500E+01  0.3791535E+01
  0.7456875E+01  0.1475936E+01
  0.7506250E+01  0.5745328E+00
  0.7555625E+01  0.2236439E+00
  0.7605000E+01  0.8705513E-01
  0.7654375E+01  0.3388651E-01
  0.7703750E+01  0.1319020E-01
  0.7753125E+01  0.5133900E-02
  0.7802500E+01  0.1997445E-02
  0.7851875E+01  0.7751920E-03
  0.7901250E+01  0.2958372E-03
  0.7950625E+01  0.1000000E-03
  0.8000000E+01  0.0000000E+00
