  0.1000000E+00 -0.0000000E+00
  0.1493750E+00 -0.7574338E+34
  0.1987500E+00 -0.7306983E+35
  0.2481250E+00 -0.5847040E+36
  0.2975000E+00 -0.3906742E+37
  0.3468750E+00 -0.2174484E+38
  0.3962500E+00 -0.1005437E+39
  0.4456250E+00 -0.3849008E+39
  0.4950000E+00 -0.1214508E+40
  0.5443750E+00 -0.3138109E+40
  0.5937500E+00 -0.6569601E+40
  0.6431250E+00 -0.1093127E+41
  0.6925000E+00 -0.1389091E+41
  0.7418750E+00 -0.1213317E+41
  0.7912500E+00 -0.4288999E+40
  0.8406250E+00  0.6222501E+40
  0.8900000E+00  0.1233220E+41
  0.9393750E+00  0.9022416E+40
  0.9887500E+00 -0.1469859E+40
  0.1038125E+01 -0.1077389E+41
  0.1087500E+01 -0.1141113E+41
  0.1136875E+01 -0.3065500E+40
  0.1186250E+01  0.7607918E+40
  0.1235625E+01  0.1278011E+41
  0.1285000E+01  0.9257987E+40
  0.1334375E+01 -0.1203652E+39
  0.1383750E+01 -0.9428761E+40
  0.1433125E+01 -0.1376507E+41
  0.1482500E+01 -0.1160586E+41
  0.1531875E+01 -0.4622954E+40
  0.1581250E+01  0.4020452E+40
  0.1630625E+01  0.1144533E+41
  0.1680000E+01  0.1603489E+41
  0.1729375E+01  0.1752236E+41
  0.1778750E+01  0.1654736E+41
  0.1828125E+01  0.1409709E+41
  0.1877500E+01  0.1109036E+41
  0.1926875E+01  0.8176865E+40
  0.1976250E+01  0.5708243E+40
  0.2025625E+01  0.3801818E+40
  0.2075000E+01  0.2430052E+40
  0.2124375E+01  0.1497735E+40
  0.2173750E+01  0.8936129E+39
  0.2223125E+01  0.5178343E+39
  0.2272500E+01  0.2922699E+39
  0.2321875E+01  0.1610612E+39
  0.2371250E+01  0.8684424E+38
  0.2420625E+01  0.4590447E+38
  0.2470000E+01  0.2382664E+38
  0.2519375E+01  0.1216235E+38
  0.2568750E+01  0.6113719E+37
  0.2618125E+01  0.3030099E+37
  0.2667500E+01  0.1482352E+37
  0.2716875E+01  0.7165146E+36
  0.2766250E+01  0.3425117E+36
  0.2815625E+01  0.1620561E+36
  0.2865000E+01  0.7594988E+35
  0.2914375E+01  0.3528297E+35
  0.2963750E+01  0.1625771E+35
  0.3013125E+01  0.7434766E+34
  0.3062500E+01  0.3376181E+34
  0.3111875E+01  0.1523186E+34
  0.3161250E+01  0.6830479E+33
  0.3210625E+01  0.3045835E+33
  0.3260000E+01  0.1351111E+33
  0.3309375E+01  0.5964366E+32
  0.3358750E+01  0.2621042E+32
  0.3408125E+01  0.1146983E+32
  0.3457500E+01  0.4999657E+31
  0.3506875E+01  0.2171406E+31
  0.3556250E+01  0.9398721E+30
  0.3605625E+01  0.4055317E+30
  0.3655000E+01  0.1744630E+30
  0.3704375E+01  0.7484998E+29
  0.3753750E+01  0.3203107E+29
  0.3803125E+01  0.1367471E+29
  0.3852500E+01  0.5825079E+28
  0.3901875E+01  0.2476215E+28
  0.3951250E+01  0.1050603E+28
  0.4000625E+01  0.4449475E+27
  0.4050000E+01  0.1881274E+27
  0.4099375E+01  0.7941776E+26
  0.4148750E+01  0.3347735E+26
  0.4198125E+01  0.1409272E+26
  0.4247500E+01  0.5925010E+25
  0.4296875E+01  0.2488115E+25
  0.4346250E+01  0.1043695E+25
  0.4395625E+01  0.4373514E+24
  0.4445000E+01  0.1830928E+24
  0.4494375E+01  0.7658147E+23
  0.4543750E+01  0.3200471E+23
  0.4593125E+01  0.1336491E+23
  0.4642500E+01  0.5577030E+22
  0.4691875E+01  0.2325657E+22
  0.4741250E+01  0.9692006E+21
  0.4790625E+01  0.4036691E+21
  0.4840000E+01  0.1680345E+21
  0.4889375E+01  0.6991141E+20
  0.4938750E+01  0.2907298E+20
  0.4988125E+01  0.1208472E+20
  0.5037500E+01  0.5021143E+19
  0.5086875E+01  0.2085447E+19
  0.5136250E+01  0.8658405E+18
  0.5185625E+01  0.3593595E+18
  0.5235000E+01  0.1491018E+18
  0.5284375E+01  0.6184549E+17
  0.5333750E+01  0.2564563E+17
  0.5383125E+01  0.1063180E+17
  0.5432500E+01  0.4406523E+16
  0.5481875E+01  0.1825945E+16
  0.5531250E+01  0.7564641E+15
  0.5580625E+01  0.3133315E+15
  0.5630000E+01  0.1297599E+15
  0.5679375E+01  0.5372828E+14
  0.5728750E+01  0.2224315E+14
  0.5778125E+01  0.9207151E+13
  0.5827500E+01  0.3810606E+13
  0.5876875E+01  0.1576909E+13
  0.5926250E+01  0.6524792E+12
  0.5975625E+01  0.2699466E+12
  0.6025000E+01  0.1116718E+12
  0.6074375E+01  0.4619194E+11
  0.6123750E+01  0.1910509E+11
  0.6173125E+01  0.7901236E+10
  0.6222500E+01  0.3267429E+10
  0.6271875E+01  0.1351092E+10
  0.6321250E+01  0.5586418E+09
  0.6370625E+01  0.2309690E+09
  0.6420000E+01  0.9548774E+08
  0.6469375E+01  0.3947453E+08
  0.6518750E+01  0.1631786E+08
  0.6568125E+01  0.6745097E+07
  0.6617500E+01  0.2788002E+07
  0.6666875E+01  0.1152337E+07
  0.6716250E+01  0.4762644E+06
  0.6765625E+01  0.1968342E+06
  0.6815000E+01  0.8134633E+05
  0.6864375E+01  0.3361716E+05
  0.6913750E+01  0.1389220E+05
  0.6963125E+01  0.5740748E+04
  0.7012500E+01  0.2372217E+04
  0.7061875E+01  0.9802336E+03
  0.7111250E+01  0.4050370E+03
  0.7160625E+01  0.1673595E+03
  0.7210000E+01  0.6915083E+02
  0.7259375E+01  0.2857171E+02
  0.7308750E+01  0.1180504E+02
  0.7358125E+01  0.4877433E+01
  0.7407500E+01  0.2015156E+01
  0.7456875E+01  0.8325682E+00
  0.7506250E+01  0.3439736E+00
  0.7555625E+01  0.1421101E+00
  0.7605000E+01  0.5871101E-01
  0.7654375E+01  0.2425539E-01
  0.7703750E+01  0.1002040E-01
  0.7753125E+01  0.4139181E-02
  0.7802500E+01  0.1708781E-02
  0.7851875E+01  0.7030159E-03
  0.7901250E+01  0.2833761E-03
  0.7950625E+01  0.1000000E-03
  0.8000000E+01  0.0000000E+00
