  0.1000000E+00  0.0000000E+00
  0.1493750E+00  0.1791294E+31
  0.1987500E+00  0.1707414E+32
  0.2481250E+00  0.1346373E+33
  0.2975000E+00  0.8838183E+33
  0.3468750E+00  0.4815060E+34
  0.3962500E+00  0.2169001E+35
  0.4456250E+00  0.8040892E+35
  0.4950000E+00  0.2437649E+36
  0.5443750E+00  0.5985947E+36
  0.5937500E+00  0.1172045E+37
  0.6431250E+00  0.1776323E+37
  0.6925000E+00  0.1947985E+37
  0.7418750E+00  0.1233533E+37
  0.7912500E+00 -0.2422888E+36
  0.8406250E+00 -0.1539499E+37
  0.8900000E+00 -0.1570183E+37
  0.9393750E+00 -0.2205220E+36
  0.9887500E+00  0.1330113E+37
  0.1038125E+01  0.1652131E+37
  0.1087500E+01  0.4546642E+36
  0.1136875E+01 -0.1153132E+37
  0.1186250E+01 -0.1752355E+37
  0.1235625E+01 -0.8824417E+36
  0.1285000E+01  0.6895311E+36
  0.1334375E+01  0.1745841E+37
  0.1383750E+01  0.1586198E+37
  0.1433125E+01  0.4072363E+36
  0.1482500E+01 -0.1010843E+37
  0.1531875E+01 -0.1892254E+37
  0.1581250E+01 -0.1875843E+37
  0.1630625E+01 -0.1074639E+37
  0.1680000E+01  0.1166730E+36
  0.1729375E+01  0.1271963E+37
  0.1778750E+01  0.2101860E+37
  0.1828125E+01  0.2502051E+37
  0.1877500E+01  0.2515027E+37
  0.1926875E+01  0.2259196E+37
  0.1976250E+01  0.1865826E+37
  0.2025625E+01  0.1441114E+37
  0.2075000E+01  0.1052929E+37
  0.2124375E+01  0.7337668E+36
  0.2173750E+01  0.4907999E+36
  0.2223125E+01  0.3166637E+36
  0.2272500E+01  0.1978787E+36
  0.2321875E+01  0.1201637E+36
  0.2371250E+01  0.7111553E+35
  0.2420625E+01  0.4111895E+35
  0.2470000E+01  0.2327751E+35
  0.2519375E+01  0.1292602E+35
  0.2568750E+01  0.7052610E+34
  0.2618125E+01  0.3786480E+34
  0.2667500E+01  0.2003083E+34
  0.2716875E+01  0.1045341E+34
  0.2766250E+01  0.5387435E+33
  0.2815625E+01  0.2744703E+33
  0.2865000E+01  0.1383516E+33
  0.2914375E+01  0.6905580E+32
  0.2963750E+01  0.3415586E+32
  0.3013125E+01  0.1675226E+32
  0.3062500E+01  0.8152571E+31
  0.3111875E+01  0.3938917E+31
  0.3161250E+01  0.1890375E+31
  0.3210625E+01  0.9016086E+30
  0.3260000E+01  0.4275439E+30
  0.3309375E+01  0.2016576E+30
  0.3358750E+01  0.9464223E+29
  0.3408125E+01  0.4421242E+29
  0.3457500E+01  0.2056524E+29
  0.3506875E+01  0.9527623E+28
  0.3556250E+01  0.4397618E+28
  0.3605625E+01  0.2022763E+28
  0.3655000E+01  0.9274092E+27
  0.3704375E+01  0.4239292E+27
  0.3753750E+01  0.1932416E+27
  0.3803125E+01  0.8785705E+26
  0.3852500E+01  0.3984730E+26
  0.3901875E+01  0.1803181E+26
  0.3951250E+01  0.8142640E+25
  0.4000625E+01  0.3669768E+25
  0.4050000E+01  0.1650887E+25
  0.4099375E+01  0.7414054E+24
  0.4148750E+01  0.3324326E+24
  0.4198125E+01  0.1488360E+24
  0.4247500E+01  0.6654447E+23
  0.4296875E+01  0.2971368E+23
  0.4346250E+01  0.1325193E+23
  0.4395625E+01  0.5903571E+22
  0.4445000E+01  0.2627221E+22
  0.4494375E+01  0.1168033E+22
  0.4543750E+01  0.5188221E+21
  0.4593125E+01  0.2302573E+21
  0.4642500E+01  0.1021091E+21
  0.4691875E+01  0.4524756E+20
  0.4741250E+01  0.2003671E+20
  0.4790625E+01  0.8867038E+19
  0.4840000E+01  0.3921662E+19
  0.4889375E+01  0.1733480E+19
  0.4938750E+01  0.7658443E+18
  0.4988125E+01  0.3381821E+18
  0.5037500E+01  0.1492668E+18
  0.5086875E+01  0.6585542E+17
  0.5136250E+01  0.2904342E+17
  0.5185625E+01  0.1280394E+17
  0.5235000E+01  0.5642733E+16
  0.5284375E+01  0.2485968E+16
  0.5333750E+01  0.1094892E+16
  0.5383125E+01  0.4820865E+15
  0.5432500E+01  0.2122096E+15
  0.5481875E+01  0.9338973E+14
  0.5531250E+01  0.4108981E+14
  0.5580625E+01  0.1807493E+14
  0.5630000E+01  0.7949374E+13
  0.5679375E+01  0.3495495E+13
  0.5728750E+01  0.1536771E+13
  0.5778125E+01  0.6755221E+12
  0.5827500E+01  0.2968960E+12
  0.5876875E+01  0.1304692E+12
  0.5926250E+01  0.5732642E+11
  0.5975625E+01  0.2518536E+11
  0.6025000E+01  0.1106348E+11
  0.6074375E+01  0.4859472E+10
  0.6123750E+01  0.2134239E+10
  0.6173125E+01  0.9372521E+09
  0.6222500E+01  0.4115590E+09
  0.6271875E+01  0.1807060E+09
  0.6321250E+01  0.7933779E+08
  0.6370625E+01  0.3483028E+08
  0.6420000E+01  0.1528991E+08
  0.6469375E+01  0.6711606E+07
  0.6518750E+01  0.2945933E+07
  0.6568125E+01  0.1292992E+07
  0.6617500E+01  0.5674756E+06
  0.6666875E+01  0.2490452E+06
  0.6716250E+01  0.1092924E+06
  0.6765625E+01  0.4796057E+05
  0.6815000E+01  0.2104564E+05
  0.6864375E+01  0.9234733E+04
  0.6913750E+01  0.4052026E+04
  0.6963125E+01  0.1777897E+04
  0.7012500E+01  0.7800609E+03
  0.7061875E+01  0.3422462E+03
  0.7111250E+01  0.1501543E+03
  0.7160625E+01  0.6587593E+02
  0.7210000E+01  0.2890056E+02
  0.7259375E+01  0.1267876E+02
  0.7308750E+01  0.5562102E+01
  0.7358125E+01  0.2440020E+01
  0.7407500E+01  0.1070386E+01
  0.7456875E+01  0.4695491E+00
  0.7506250E+01  0.2059753E+00
  0.7555625E+01  0.9035313E-01
  0.7605000E+01  0.3963376E-01
  0.7654375E+01  0.1738519E-01
  0.7703750E+01  0.7625607E-02
  0.7753125E+01  0.3344184E-02
  0.7802500E+01  0.1465256E-02
  0.7851875E+01  0.6390064E-03
  0.7901250E+01  0.2718474E-03
  0.7950625E+01  0.1000000E-03
  0.8000000E+01  0.0000000E+00
