  0.1000000E+00 -0.0000000E+00
  0.1493750E+00 -0.4635845E+27
  0.1987500E+00 -0.4369522E+28
  0.2481250E+00 -0.3398632E+29
  0.2975000E+00 -0.2194314E+30
  0.3468750E+00 -0.1171598E+31
  0.3962500E+00 -0.5148770E+31
  0.4456250E+00 -0.1851192E+32
  0.4950000E+00 -0.5399842E+32
  0.5443750E+00 -0.1261639E+33
  0.5937500E+00 -0.2310054E+33
  0.6431250E+00 -0.3173842E+33
  0.6925000E+00 -0.2927513E+33
  0.7418750E+00 -0.1035307E+33
  0.7912500E+00  0.1605479E+33
  0.8406250E+00  0.2892187E+33
  0.8900000E+00  0.1492305E+33
  0.9393750E+00 -0.1377981E+33
  0.9887500E+00 -0.2846055E+33
  0.1038125E+01 -0.1382922E+33
  0.1087500E+01  0.1499002E+33
  0.1136875E+01  0.2868862E+33
  0.1186250E+01  0.1424760E+33
  0.1235625E+01 -0.1365176E+33
  0.1285000E+01 -0.2923979E+33
  0.1334375E+01 -0.1985495E+33
  0.1383750E+01  0.5467676E+32
  0.1433125E+01  0.2669587E+33
  0.1482500E+01  0.2941324E+33
  0.1531875E+01  0.1339033E+33
  0.1581250E+01 -0.1040832E+33
  0.1630625E+01 -0.2874683E+33
  0.1680000E+01 -0.3359619E+33
  0.1729375E+01 -0.2450413E+33
  0.1778750E+01 -0.6540473E+32
  0.1828125E+01  0.1345509E+33
  0.1877500E+01  0.2993909E+33
  0.1926875E+01  0.4004288E+33
  0.1976250E+01  0.4345530E+33
  0.2025625E+01  0.4152171E+33
  0.2075000E+01  0.3622986E+33
  0.2124375E+01  0.2946445E+33
  0.2173750E+01  0.2262879E+33
  0.2223125E+01  0.1656288E+33
  0.2272500E+01  0.1163267E+33
  0.2321875E+01  0.7881153E+32
  0.2371250E+01  0.5172619E+32
  0.2420625E+01  0.3300348E+32
  0.2470000E+01  0.2053108E+32
  0.2519375E+01  0.1248399E+32
  0.2568750E+01  0.7435732E+31
  0.2618125E+01  0.4346521E+31
  0.2667500E+01  0.2497634E+31
  0.2716875E+01  0.1412941E+31
  0.2766250E+01  0.7879490E+30
  0.2815625E+01  0.4336724E+30
  0.2865000E+01  0.2358173E+30
  0.2914375E+01  0.1268106E+30
  0.2963750E+01  0.6749617E+29
  0.3013125E+01  0.3558682E+29
  0.3062500E+01  0.1859939E+29
  0.3111875E+01  0.9642590E+28
  0.3161250E+01  0.4961759E+28
  0.3210625E+01  0.2535507E+28
  0.3260000E+01  0.1287365E+28
  0.3309375E+01  0.6497537E+27
  0.3358750E+01  0.3261319E+27
  0.3408125E+01  0.1628573E+27
  0.3457500E+01  0.8093752E+26
  0.3506875E+01  0.4004681E+26
  0.3556250E+01  0.1973318E+26
  0.3605625E+01  0.9686420E+25
  0.3655000E+01  0.4737865E+25
  0.3704375E+01  0.2309741E+25
  0.3753750E+01  0.1122548E+25
  0.3803125E+01  0.5440015E+24
  0.3852500E+01  0.2629270E+24
  0.3901875E+01  0.1267623E+24
  0.3951250E+01  0.6097315E+23
  0.4000625E+01  0.2926511E+23
  0.4050000E+01  0.1401808E+23
  0.4099375E+01  0.6702137E+22
  0.4148750E+01  0.3198748E+22
  0.4198125E+01  0.1524194E+22
  0.4247500E+01  0.7251730E+21
  0.4296875E+01  0.3445317E+21
  0.4346250E+01  0.1634723E+21
  0.4395625E+01  0.7746859E+20
  0.4445000E+01  0.3666987E+20
  0.4494375E+01  0.1733920E+20
  0.4543750E+01  0.8190600E+19
  0.4593125E+01  0.3865438E+19
  0.4642500E+01  0.1822658E+19
  0.4691875E+01  0.8587376E+18
  0.4741250E+01  0.4042854E+18
  0.4790625E+01  0.1901997E+18
  0.4840000E+01  0.8942246E+17
  0.4889375E+01  0.4201625E+17
  0.4938750E+01  0.1973057E+17
  0.4988125E+01  0.9260413E+16
  0.5037500E+01  0.4344151E+16
  0.5086875E+01  0.2036938E+16
  0.5136250E+01  0.9546904E+15
  0.5185625E+01  0.4472719E+15
  0.5235000E+01  0.2094676E+15
  0.5284375E+01  0.9806387E+14
  0.5333750E+01  0.4589427E+14
  0.5383125E+01  0.2147211E+14
  0.5432500E+01  0.1004307E+14
  0.5481875E+01  0.4696156E+13
  0.5531250E+01  0.2195382E+13
  0.5580625E+01  0.1026069E+13
  0.5630000E+01  0.4794560E+12
  0.5679375E+01  0.2239921E+12
  0.5728750E+01  0.1046248E+12
  0.5778125E+01  0.4886071E+11
  0.5827500E+01  0.2281462E+11
  0.5876875E+01  0.1065124E+11
  0.5926250E+01  0.4971921E+10
  0.5975625E+01  0.2320547E+10
  0.6025000E+01  0.1082934E+10
  0.6074375E+01  0.5053158E+09
  0.6123750E+01  0.2357634E+09
  0.6173125E+01  0.1099881E+09
  0.6222500E+01  0.5130667E+08
  0.6271875E+01  0.2393114E+08
  0.6321250E+01  0.1116135E+08
  0.6370625E+01  0.5205193E+07
  0.6420000E+01  0.2427311E+07
  0.6469375E+01  0.1131840E+07
  0.6518750E+01  0.5277363E+06
  0.6568125E+01  0.2460501E+06
  0.6617500E+01  0.1147113E+06
  0.6666875E+01  0.5347697E+05
  0.6716250E+01  0.2492910E+05
  0.6765625E+01  0.1162056E+05
  0.6815000E+01  0.5416633E+04
  0.6864375E+01  0.2524730E+04
  0.6913750E+01  0.1176751E+04
  0.6963125E+01  0.5484533E+03
  0.7012500E+01  0.2556118E+03
  0.7061875E+01  0.1191268E+03
  0.7111250E+01  0.5551699E+02
  0.7160625E+01  0.2587208E+02
  0.7210000E+01  0.1205664E+02
  0.7259375E+01  0.5618384E+01
  0.7308750E+01  0.2618108E+01
  0.7358125E+01  0.1219987E+01
  0.7407500E+01  0.5684795E+00
  0.7456875E+01  0.2648909E+00
  0.7506250E+01  0.1234276E+00
  0.7555625E+01  0.5751101E-01
  0.7605000E+01  0.2679676E-01
  0.7654375E+01  0.1248538E-01
  0.7703750E+01  0.5816857E-02
  0.7753125E+01  0.2709204E-02
  0.7802500E+01  0.1260080E-02
  0.7851875E+01  0.5823806E-03
  0.7901250E+01  0.2612249E-03
  0.7950625E+01  0.1000000E-03
  0.8000000E+01  0.0000000E+00
