  0.1000000E+00  0.0000000E+00
  0.1493750E+00  0.1313162E+24
  0.1987500E+00  0.1224922E+25
  0.2481250E+00  0.9406721E+25
  0.2975000E+00  0.5980160E+26
  0.3468750E+00  0.3133213E+27
  0.3962500E+00  0.1345276E+28
  0.4456250E+00  0.4698464E+28
  0.4950000E+00  0.1320869E+29
  0.5443750E+00  0.2940341E+29
  0.5937500E+00  0.5034715E+29
  0.6431250E+00  0.6235887E+29
  0.6925000E+00  0.4648024E+29
  0.7418750E+00 -0.3364713E+26
  0.7912500E+00 -0.4651992E+29
  0.8406250E+00 -0.4923579E+29
  0.8900000E+00 -0.1416153E+28
  0.9393750E+00  0.4793691E+29
  0.9887500E+00  0.4383701E+29
  0.1038125E+01 -0.9684916E+28
  0.1087500E+01 -0.5232659E+29
  0.1136875E+01 -0.3708464E+29
  0.1186250E+01  0.1814747E+29
  0.1235625E+01  0.5446830E+29
  0.1285000E+01  0.3635910E+29
  0.1334375E+01 -0.1634783E+29
  0.1383750E+01 -0.5433852E+29
  0.1433125E+01 -0.4634097E+29
  0.1482500E+01 -0.1693208E+28
  0.1531875E+01  0.4419842E+29
  0.1581250E+01  0.6011544E+29
  0.1630625E+01  0.3863596E+29
  0.1680000E+01 -0.4739470E+28
  0.1729375E+01 -0.4568614E+29
  0.1778750E+01 -0.6563864E+29
  0.1828125E+01 -0.5880064E+29
  0.1877500E+01 -0.3088441E+29
  0.1926875E+01  0.6624238E+28
  0.1976250E+01  0.4238018E+29
  0.2025625E+01  0.6879095E+29
  0.2075000E+01  0.8293185E+29
  0.2124375E+01  0.8561511E+29
  0.2173750E+01  0.7974807E+29
  0.2223125E+01  0.6881951E+29
  0.2272500E+01  0.5590102E+29
  0.2321875E+01  0.4319721E+29
  0.2371250E+01  0.3199902E+29
  0.2420625E+01  0.2285472E+29
  0.2470000E+01  0.1581073E+29
  0.2519375E+01  0.1063332E+29
  0.2568750E+01  0.6973593E+28
  0.2618125E+01  0.4471335E+28
  0.2667500E+01  0.2809130E+28
  0.2716875E+01  0.1732579E+28
  0.2766250E+01  0.1050821E+28
  0.2815625E+01  0.6276561E+27
  0.2865000E+01  0.3696931E+27
  0.2914375E+01  0.2149793E+27
  0.2963750E+01  0.1235504E+27
  0.3013125E+01  0.7024177E+26
  0.3062500E+01  0.3953868E+26
  0.3111875E+01  0.2205270E+26
  0.3161250E+01  0.1219610E+26
  0.3210625E+01  0.6692375E+25
  0.3260000E+01  0.3645818E+25
  0.3309375E+01  0.1972874E+25
  0.3358750E+01  0.1060982E+25
  0.3408125E+01  0.5673081E+24
  0.3457500E+01  0.3017263E+24
  0.3506875E+01  0.1596827E+24
  0.3556250E+01  0.8412153E+23
  0.3605625E+01  0.4412692E+23
  0.3655000E+01  0.2305570E+23
  0.3704375E+01  0.1200199E+23
  0.3753750E+01  0.6226448E+22
  0.3803125E+01  0.3219912E+22
  0.3852500E+01  0.1660201E+22
  0.3901875E+01  0.8536501E+21
  0.3951250E+01  0.4378087E+21
  0.4000625E+01  0.2240017E+21
  0.4050000E+01  0.1143542E+21
  0.4099375E+01  0.5825763E+20
  0.4148750E+01  0.2962208E+20
  0.4198125E+01  0.1503479E+20
  0.4247500E+01  0.7618191E+19
  0.4296875E+01  0.3854147E+19
  0.4346250E+01  0.1947031E+19
  0.4395625E+01  0.9822643E+18
  0.4445000E+01  0.4949199E+18
  0.4494375E+01  0.2490747E+18
  0.4543750E+01  0.1252123E+18
  0.4593125E+01  0.6288099E+17
  0.4642500E+01  0.3154836E+17
  0.4691875E+01  0.1581420E+17
  0.4741250E+01  0.7920570E+16
  0.4790625E+01  0.3963958E+16
  0.4840000E+01  0.1982383E+16
  0.4889375E+01  0.9907252E+15
  0.4938750E+01  0.4948180E+15
  0.4988125E+01  0.2469919E+15
  0.5037500E+01  0.1232202E+15
  0.5086875E+01  0.6144117E+14
  0.5136250E+01  0.3062173E+14
  0.5185625E+01  0.1525481E+14
  0.5235000E+01  0.7596323E+13
  0.5284375E+01  0.3781219E+13
  0.5333750E+01  0.1881495E+13
  0.5383125E+01  0.9358968E+12
  0.5432500E+01  0.4653889E+12
  0.5481875E+01  0.2313537E+12
  0.5531250E+01  0.1149788E+12
  0.5580625E+01  0.5712786E+11
  0.5630000E+01  0.2837751E+11
  0.5679375E+01  0.1409301E+11
  0.5728750E+01  0.6997503E+10
  0.5778125E+01  0.3473745E+10
  0.5827500E+01  0.1724146E+10
  0.5876875E+01  0.8556114E+09
  0.5926250E+01  0.4245321E+09
  0.5975625E+01  0.2106107E+09
  0.6025000E+01  0.1044698E+09
  0.6074375E+01  0.5181376E+08
  0.6123750E+01  0.2569493E+08
  0.6173125E+01  0.1274093E+08
  0.6222500E+01  0.6316980E+07
  0.6271875E+01  0.3131666E+07
  0.6321250E+01  0.1552394E+07
  0.6370625E+01  0.7694697E+06
  0.6420000E+01  0.3813701E+06
  0.6469375E+01  0.1890034E+06
  0.6518750E+01  0.9366180E+05
  0.6568125E+01  0.4641169E+05
  0.6617500E+01  0.2299673E+05
  0.6666875E+01  0.1139411E+05
  0.6716250E+01  0.5645104E+04
  0.6765625E+01  0.2796676E+04
  0.6815000E+01  0.1385456E+04
  0.6864375E+01  0.6863165E+03
  0.6913750E+01  0.3399687E+03
  0.6963125E+01  0.1683982E+03
  0.7012500E+01  0.8341047E+02
  0.7061875E+01  0.4131329E+02
  0.7111250E+01  0.2046189E+02
  0.7160625E+01  0.1013420E+02
  0.7210000E+01  0.5019054E+01
  0.7259375E+01  0.2485670E+01
  0.7308750E+01  0.1230992E+01
  0.7358125E+01  0.6096175E+00
  0.7407500E+01  0.3018916E+00
  0.7456875E+01  0.1494984E+00
  0.7506250E+01  0.7403108E-01
  0.7555625E+01  0.3665927E-01
  0.7605000E+01  0.1815281E-01
  0.7654375E+01  0.8988440E-02
  0.7703750E+01  0.4450055E-02
  0.7753125E+01  0.2202022E-02
  0.7802500E+01  0.1087368E-02
  0.7851875E+01  0.5324001E-03
  0.7901250E+01  0.2514764E-03
  0.7950625E+01  0.1000000E-03
  0.8000000E+01  0.0000000E+00
