  0.1000000E+00 -0.0000000E+00
  0.1493750E+00 -0.4137665E+20
  0.1987500E+00 -0.3822864E+21
  0.2481250E+00 -0.2901390E+22
  0.2975000E+00 -0.1818283E+23
  0.3468750E+00 -0.9360942E+23
  0.3962500E+00 -0.3932882E+24
  0.4456250E+00 -0.1336632E+25
  0.4950000E+00 -0.3628310E+25
  0.5443750E+00 -0.7708486E+25
  0.5937500E+00 -0.1234881E+26
  0.6431250E+00 -0.1370120E+26
  0.6925000E+00 -0.7708350E+25
  0.7418750E+00  0.4046646E+25
  0.7912500E+00  0.1212169E+26
  0.8406250E+00  0.7714516E+25
  0.8900000E+00 -0.5296227E+25
  0.9393750E+00 -0.1210162E+26
  0.9887500E+00 -0.4337686E+25
  0.1038125E+01  0.8701959E+25
  0.1087500E+01  0.1119249E+26
  0.1136875E+01  0.3074876E+24
  0.1186250E+01 -0.1093641E+26
  0.1235625E+01 -0.9811937E+25
  0.1285000E+01  0.1989337E+25
  0.1334375E+01  0.1172090E+26
  0.1383750E+01  0.9859999E+25
  0.1433125E+01 -0.1221724E+25
  0.1482500E+01 -0.1122866E+26
  0.1531875E+01 -0.1198915E+26
  0.1581250E+01 -0.3553607E+25
  0.1630625E+01  0.7408281E+25
  0.1680000E+01  0.1351351E+26
  0.1729375E+01  0.1149305E+26
  0.1778750E+01  0.3170071E+25
  0.1828125E+01 -0.6728430E+25
  0.1877500E+01 -0.1361720E+26
  0.1926875E+01 -0.1506675E+26
  0.1976250E+01 -0.1119116E+26
  0.2025625E+01 -0.3853537E+25
  0.2075000E+01  0.4513794E+25
  0.2124375E+01  0.1185648E+26
  0.2173750E+01  0.1696166E+26
  0.2223125E+01  0.1948332E+26
  0.2272500E+01  0.1971060E+26
  0.2321875E+01  0.1826236E+26
  0.2371250E+01  0.1582810E+26
  0.2420625E+01  0.1300351E+26
  0.2470000E+01  0.1021861E+26
  0.2519375E+01  0.7732209E+25
  0.2568750E+01  0.5662437E+25
  0.2618125E+01  0.4029426E+25
  0.2667500E+01  0.2795444E+25
  0.2716875E+01  0.1895897E+25
  0.2766250E+01  0.1259916E+25
  0.2815625E+01  0.8220419E+24
  0.2865000E+01  0.5274985E+24
  0.2914375E+01  0.3334104E+24
  0.2963750E+01  0.2078483E+24
  0.3013125E+01  0.1279490E+24
  0.3062500E+01  0.7785917E+23
  0.3111875E+01  0.4687884E+23
  0.3161250E+01  0.2795177E+23
  0.3210625E+01  0.1651745E+23
  0.3260000E+01  0.9680148E+22
  0.3309375E+01  0.5629939E+22
  0.3358750E+01  0.3251326E+22
  0.3408125E+01  0.1865448E+22
  0.3457500E+01  0.1063857E+22
  0.3506875E+01  0.6033287E+21
  0.3556250E+01  0.3403877E+21
  0.3605625E+01  0.1911201E+21
  0.3655000E+01  0.1068323E+21
  0.3704375E+01  0.5947042E+20
  0.3753750E+01  0.3297845E+20
  0.3803125E+01  0.1822254E+20
  0.3852500E+01  0.1003567E+20
  0.3901875E+01  0.5509901E+19
  0.3951250E+01  0.3016445E+19
  0.4000625E+01  0.1646978E+19
  0.4050000E+01  0.8970196E+18
  0.4099375E+01  0.4874301E+18
  0.4148750E+01  0.2642946E+18
  0.4198125E+01  0.1430192E+18
  0.4247500E+01  0.7724852E+17
  0.4296875E+01  0.4165157E+17
  0.4346250E+01  0.2242175E+17
  0.4395625E+01  0.1205182E+17
  0.4445000E+01  0.6468828E+16
  0.4494375E+01  0.3467605E+16
  0.4543750E+01  0.1856536E+16
  0.4593125E+01  0.9928482E+15
  0.4642500E+01  0.5303976E+15
  0.4691875E+01  0.2830679E+15
  0.4741250E+01  0.1509312E+15
  0.4790625E+01  0.8040704E+14
  0.4840000E+01  0.4280166E+14
  0.4889375E+01  0.2276681E+14
  0.4938750E+01  0.1210154E+14
  0.4988125E+01  0.6428306E+13
  0.5037500E+01  0.3412626E+13
  0.5086875E+01  0.1810651E+13
  0.5136250E+01  0.9601770E+12
  0.5185625E+01  0.5089250E+12
  0.5235000E+01  0.2696227E+12
  0.5284375E+01  0.1427817E+12
  0.5333750E+01  0.7558140E+11
  0.5383125E+01  0.3999401E+11
  0.5432500E+01  0.2115551E+11
  0.5481875E+01  0.1118692E+11
  0.5531250E+01  0.5913792E+10
  0.5580625E+01  0.3125347E+10
  0.5630000E+01  0.1651261E+10
  0.5679375E+01  0.8722195E+09
  0.5728750E+01  0.4606127E+09
  0.5778125E+01  0.2431939E+09
  0.5827500E+01  0.1283755E+09
  0.5876875E+01  0.6775330E+08
  0.5926250E+01  0.3575220E+08
  0.5975625E+01  0.1886272E+08
  0.6025000E+01  0.9950377E+07
  0.6074375E+01  0.5248233E+07
  0.6123750E+01  0.2767764E+07
  0.6173125E+01  0.1459457E+07
  0.6222500E+01  0.7694904E+06
  0.6271875E+01  0.4056657E+06
  0.6321250E+01  0.2138403E+06
  0.6370625E+01  0.1127120E+06
  0.6420000E+01  0.5940357E+05
  0.6469375E+01  0.3130541E+05
  0.6518750E+01  0.1649654E+05
  0.6568125E+01  0.8692317E+04
  0.6617500E+01  0.4579828E+04
  0.6666875E+01  0.2412881E+04
  0.6716250E+01  0.1271151E+04
  0.6765625E+01  0.6696303E+03
  0.6815000E+01  0.3527370E+03
  0.6864375E+01  0.1858003E+03
  0.6913750E+01  0.9786393E+02
  0.6963125E+01  0.5154434E+02
  0.7012500E+01  0.2714705E+02
  0.7061875E+01  0.1429713E+02
  0.7111250E+01  0.7529398E+01
  0.7160625E+01  0.3965137E+01
  0.7210000E+01  0.2088063E+01
  0.7259375E+01  0.1099555E+01
  0.7308750E+01  0.5790011E+00
  0.7358125E+01  0.3048818E+00
  0.7407500E+01  0.1605365E+00
  0.7456875E+01  0.8452927E-01
  0.7506250E+01  0.4450731E-01
  0.7555625E+01  0.2343396E-01
  0.7605000E+01  0.1233800E-01
  0.7654375E+01  0.6495435E-02
  0.7703750E+01  0.3418713E-02
  0.7753125E+01  0.1797791E-02
  0.7802500E+01  0.9424640E-03
  0.7851875E+01  0.4885041E-03
  0.7901250E+01  0.2425918E-03
  0.7950625E+01  0.1000000E-03
  0.8000000E+01  0.0000000E+00
